1430
1463
1482
1512
1541
1562
1573
1444
1515
1534
1597
1630
1441
1523
1608
1609
1469
1488
1452
1556
1605
1509
1547
1565
1583
1602
1553
1615
1467
1501
1585
1451
1548
1528
1532
1563
1627
1580
1435
1478
1492
1543
1619
1506
1422
1591
1593
1623
1459
1470
1513
1577
1611
1613
1631
1514
1551
1571
1454
1497
1539
1545
1624
1485
1533
1449
1495
1496
1626
1634
1483
1499
1505
1560
1601
1616
1500
1552
1529
1595
1633
1557
1429
1468
1526
1550
1612
1517
1569
1475
1510
1587
1439
1424
1455
1484
1479
1535
1558
1568
1600
1431
1481
1578
1607
1519
1549
1567
1432
1427
1438
1456
1436
1462
1537
1572
1448
1554
1576
1487
1476
1504
1579
1632
1446
1570
1622
1486
1490
1518
1524
1447
1530
1596
1538
1592
1594
1525
1575
1606
1603
1457
1458
1464
1520
1425
1546
1582
1423
1426
1453
1511
1516
1527
1621
1625
1445
1564
1433
1480
1477
1489
1503
1542
1584
1617
