# This file was produced by samtools stats (1.10+htslib-1.10.2-3ubuntu0.1) and can be plotted using plot-bamstats
# This file contains statistics for all reads.
# The command line was:  stats ercc_mapped.bam
# CHK, Checksum	[2]Read Names	[3]Sequences	[4]Qualities
# CHK, CRC32 of reads which passed filtering followed by addition (32bit overflow)
CHK	c2683802	17d58f42	3eb164b0
# Summary Numbers. Use `grep ^SN | cut -f 2-` to extract this part.
SN	raw total sequences:	119490
SN	filtered sequences:	0
SN	sequences:	119490
SN	is sorted:	1
SN	1st fragments:	59745
SN	last fragments:	59745
SN	reads mapped:	0
SN	reads mapped and paired:	0	# paired-end technology bit set + both mates mapped
SN	reads unmapped:	119490
SN	reads properly paired:	0	# proper-pair bit set
SN	reads paired:	119490	# paired-end technology bit set
SN	reads duplicated:	0	# PCR or optical duplicate bit set
SN	reads MQ0:	0	# mapped and MQ=0
SN	reads QC failed:	0
SN	non-primary alignments:	0
SN	total length:	13493242	# ignores clipping
SN	total first fragment length:	6736869	# ignores clipping
SN	total last fragment length:	6756373	# ignores clipping
SN	bases mapped:	0	# ignores clipping
SN	bases mapped (cigar):	0	# more accurate
SN	bases trimmed:	0
SN	bases duplicated:	0
SN	mismatches:	0	# from NM fields
SN	error rate:	0.000000e+00	# mismatches / bases mapped (cigar)
SN	average length:	112
SN	average first fragment length:	113
SN	average last fragment length:	113
SN	maximum length:	151
SN	maximum first fragment length:	151
SN	maximum last fragment length:	151
SN	average quality:	37.8
SN	insert size average:	0.0
SN	insert size standard deviation:	0.0
SN	inward oriented pairs:	0
SN	outward oriented pairs:	0
SN	pairs with other orientation:	0
SN	pairs on different chromosomes:	0
SN	percentage of properly paired reads (%):	0.0
# First Fragment Qualities. Use `grep ^FFQ | cut -f 2-` to extract this part.
# Columns correspond to qualities and rows to cycles. First column is the cycle number.
FFQ	1	0	0	631	0	0	0	0	0	0	0	0	0	0	0	0	0	914	0	591	0	0	0	0	0	0	0	0	0	0	1124	566	272	14996	20856	18550	1190	55	0	0	0	0	0
FFQ	2	0	0	631	0	0	0	0	0	0	0	0	0	0	0	0	0	651	0	292	0	0	0	0	0	0	0	0	0	0	1210	309	168	11829	18327	23521	2645	162	0	0	0	0	0
FFQ	3	0	0	631	0	0	0	0	0	0	0	0	0	0	0	0	0	645	0	228	0	0	0	0	0	0	0	0	0	0	739	344	227	9425	17548	25689	3991	278	0	0	0	0	0
FFQ	4	0	0	631	0	0	0	0	0	0	0	0	0	0	0	0	0	666	0	310	0	0	0	0	0	0	0	0	0	0	680	548	521	9426	18043	24830	3813	277	0	0	0	0	0
FFQ	5	0	0	631	0	0	0	0	0	0	0	0	0	0	0	0	0	636	0	187	0	0	0	0	0	0	0	0	0	0	665	318	249	8404	16629	26872	4767	387	0	0	0	0	0
FFQ	6	0	0	631	0	0	0	0	0	0	0	0	0	0	0	0	0	439	0	207	64	71	0	0	0	0	0	0	0	0	109	70	241	989	2985	3953	1651	49	48286	0	0	0	0
FFQ	7	0	0	631	0	0	0	0	0	0	0	0	0	0	0	0	0	516	1	269	106	136	0	0	0	0	0	0	0	0	111	103	263	896	2940	3694	1569	56	48454	0	0	0	0
FFQ	8	0	0	631	0	0	0	0	0	0	0	0	0	0	0	0	0	597	8	316	154	162	0	0	0	0	0	0	0	0	148	115	363	975	3428	4065	1741	51	46991	0	0	0	0
FFQ	9	0	0	631	0	0	0	0	0	0	0	0	0	0	0	0	0	457	14	231	78	86	0	0	0	0	0	0	0	0	162	74	289	973	2939	4214	1818	40	47739	0	0	0	0
FFQ	10	0	0	631	0	0	0	0	0	0	0	0	0	0	0	0	1	457	10	204	28	56	0	0	0	0	0	0	0	0	150	62	218	963	2976	4577	1765	68	47579	0	0	0	0
FFQ	11	0	0	631	0	0	0	0	0	0	0	0	0	0	0	0	2	476	16	210	64	48	0	0	0	0	0	0	0	0	136	65	189	1006	3083	4341	1873	70	47535	0	0	0	0
FFQ	12	0	0	631	0	0	0	0	0	0	0	0	0	0	0	0	7	452	19	182	48	57	0	0	0	0	0	0	0	0	107	68	243	991	3031	4147	1867	59	47836	0	0	0	0
FFQ	13	0	0	631	0	0	0	0	0	0	0	0	0	0	0	0	7	429	16	182	61	45	13	0	0	0	0	0	0	0	0	23	0	352	438	398	206	573	2424	53947	0	0	0
FFQ	14	0	0	631	0	0	0	0	0	0	0	0	0	0	0	1	16	419	18	193	65	38	9	0	0	0	0	0	0	0	0	21	0	334	437	381	202	549	2346	54085	0	0	0
FFQ	15	0	0	631	0	0	0	0	0	0	0	0	0	1	0	0	22	457	16	173	83	50	18	0	0	0	0	0	0	0	0	20	0	367	458	383	219	516	2480	53851	0	0	0
FFQ	16	0	0	631	0	0	0	0	0	0	0	0	0	1	0	0	37	436	24	212	64	57	17	0	0	0	0	0	0	0	0	37	0	351	500	427	208	568	2403	53772	0	0	0
FFQ	17	0	0	631	0	0	0	0	0	0	0	0	0	0	0	3	33	493	29	217	94	102	16	0	0	0	0	1	0	0	0	40	0	446	496	448	256	580	2684	53176	0	0	0
FFQ	18	0	0	631	0	0	0	0	0	0	0	0	0	1	0	2	39	409	19	179	58	62	12	0	0	0	0	0	0	0	0	28	0	422	526	401	207	616	2476	53657	0	0	0
FFQ	19	0	0	631	0	0	0	0	0	0	0	0	0	1	0	4	48	394	19	194	32	40	7	0	0	0	0	0	0	0	0	32	0	372	488	362	202	554	2388	53977	0	0	0
FFQ	20	0	0	631	0	0	0	0	0	0	0	0	0	2	0	3	59	335	16	152	43	32	11	0	0	0	0	0	0	0	0	22	0	350	430	349	195	591	2149	54375	0	0	0
FFQ	21	0	0	631	0	0	0	0	0	0	0	0	0	2	0	3	75	328	20	172	45	36	10	0	0	0	0	0	1	0	0	26	0	354	480	367	199	538	2342	54116	0	0	0
FFQ	22	0	0	631	0	0	0	0	0	0	0	0	0	0	1	4	85	341	20	168	38	43	11	0	0	0	0	2	0	0	0	29	0	379	475	397	215	557	2240	54109	0	0	0
FFQ	23	0	0	631	0	0	0	0	0	0	0	0	0	1	1	1	102	313	18	158	49	47	12	0	0	0	0	0	0	0	0	36	2	325	374	361	346	581	2275	8600	45512	0	0
FFQ	24	0	0	631	0	0	0	0	0	0	0	0	0	3	0	7	145	347	46	195	113	119	21	0	0	0	0	0	0	0	0	30	0	393	489	338	418	691	2651	8910	44198	0	0
FFQ	25	0	0	631	0	0	0	0	0	0	0	0	0	3	0	6	168	255	27	186	51	55	9	0	0	0	0	0	1	0	1	36	0	316	448	313	387	599	2538	8986	44729	0	0
FFQ	26	0	0	631	0	0	0	0	0	0	0	0	0	0	0	9	166	237	38	162	70	65	21	0	0	2	0	1	0	0	0	23	0	372	410	326	336	578	2473	8812	45013	0	0
FFQ	27	0	0	631	0	0	0	0	0	0	0	0	0	2	0	11	158	238	39	165	65	62	16	0	0	0	0	0	1	0	0	27	2	341	383	316	351	533	2418	8709	45277	0	0
FFQ	28	0	0	631	0	0	0	0	0	0	0	0	0	1	0	9	173	213	35	146	72	77	14	0	0	1	0	0	0	0	0	31	0	334	404	328	344	553	2379	8693	45307	0	0
FFQ	29	0	0	631	0	0	0	0	0	0	0	0	0	0	0	13	135	215	41	157	58	52	10	0	0	0	0	0	0	0	0	22	0	357	408	320	313	524	2341	8442	45706	0	0
FFQ	30	0	0	631	0	0	0	0	0	0	0	0	0	2	0	12	170	240	60	181	93	114	19	0	0	0	0	0	1	0	0	37	0	350	437	365	355	563	2554	8749	44812	0	0
FFQ	31	0	0	631	0	0	0	0	0	0	0	0	0	3	1	17	172	244	98	184	109	163	19	0	0	0	0	0	0	0	0	37	0	371	421	390	366	630	2739	8594	44556	0	0
FFQ	32	0	0	631	0	0	0	0	0	0	0	0	0	2	0	19	145	207	70	142	71	87	7	0	0	0	0	1	1	0	0	23	0	327	430	361	347	645	2520	8543	45166	0	0
FFQ	33	0	0	631	0	0	0	0	0	0	0	0	0	2	0	15	151	215	66	146	57	80	9	0	0	0	0	0	0	0	2	32	1	345	358	333	360	613	2470	8348	45511	0	0
FFQ	34	0	0	631	0	0	0	0	0	0	0	0	0	2	0	20	124	236	74	137	48	67	10	0	0	1	0	0	0	0	0	25	0	316	369	340	369	511	2327	8241	45897	0	0
FFQ	35	0	0	631	0	0	0	0	0	0	0	0	0	0	0	21	146	212	99	109	40	78	11	0	0	3	0	0	0	0	2	26	0	335	390	369	351	516	2379	8194	45833	0	0
FFQ	36	0	0	0	0	0	0	0	0	0	0	0	0	0	0	18	169	220	98	107	37	76	11	0	0	0	0	0	0	0	0	32	2	330	416	315	343	556	2386	8148	45716	0	0
FFQ	37	0	0	0	0	0	0	0	0	0	0	0	0	0	0	26	160	251	129	134	39	115	5	0	0	0	0	0	0	0	0	29	0	382	455	390	344	570	2702	8198	44907	0	0
FFQ	38	0	0	0	0	0	0	0	0	0	0	0	0	0	0	28	156	211	140	128	23	99	9	0	0	0	0	1	0	0	0	24	2	357	436	318	358	590	2508	8211	45053	0	0
FFQ	39	0	0	0	0	0	0	0	0	0	0	0	0	1	1	20	145	248	160	117	16	123	4	0	0	1	0	0	0	0	0	34	0	369	407	347	400	621	2545	8746	44161	0	0
FFQ	40	0	0	0	0	0	0	0	0	0	0	0	0	0	1	23	139	247	167	70	6	101	3	0	0	1	0	0	0	0	1	46	0	349	373	339	349	565	2489	8345	44640	0	0
FFQ	41	0	0	0	0	0	0	0	0	0	0	0	0	1	1	30	152	293	238	101	12	166	8	0	0	0	0	0	0	0	2	36	0	424	462	364	398	600	2800	8595	43330	0	0
FFQ	42	0	0	0	0	0	0	0	0	0	0	0	0	1	1	38	146	230	182	66	1	101	2	0	0	0	0	0	0	0	0	39	1	345	398	326	327	557	2521	8483	44006	0	0
FFQ	43	0	0	0	0	0	0	0	0	0	0	0	0	1	0	42	163	284	251	101	0	211	0	0	0	1	0	1	0	0	0	40	0	429	572	503	473	723	3251	9569	40921	0	0
FFQ	44	0	0	0	0	0	0	0	0	0	0	0	0	0	0	47	132	268	223	76	0	143	0	0	0	0	0	1	0	0	2	41	1	436	498	413	448	740	3116	9654	41066	0	0
FFQ	45	0	0	0	0	0	0	0	0	0	0	0	0	0	1	61	127	234	212	75	0	136	0	0	0	0	0	1	0	0	3	51	2	373	499	191	363	1060	3151	9526	40971	0	0
FFQ	46	0	0	0	0	0	0	0	0	0	0	0	0	0	0	73	129	282	200	92	0	138	0	0	0	0	1	0	0	0	3	34	2	368	460	169	388	948	3154	9153	41166	0	0
FFQ	47	0	0	0	0	0	0	0	0	0	0	0	0	0	1	63	141	237	196	77	0	154	0	0	0	0	0	0	0	0	3	34	2	357	460	189	368	926	3063	9191	41048	0	0
FFQ	48	0	0	0	0	0	0	0	0	0	0	0	0	1	0	66	114	261	193	77	0	153	0	0	0	0	0	0	0	0	5	40	1	343	483	165	390	988	3084	8970	40925	0	0
FFQ	49	0	0	0	0	0	0	0	0	0	0	0	0	0	0	93	111	236	209	82	0	144	0	0	0	0	0	0	0	0	6	32	2	367	444	157	358	932	3035	8843	40945	0	0
FFQ	50	0	0	0	0	0	0	0	0	0	0	0	0	1	0	93	104	260	226	87	0	162	0	0	0	1	0	0	1	0	3	40	4	396	465	205	382	943	3282	8880	40178	0	0
FFQ	51	0	0	0	0	0	0	0	0	0	0	0	0	1	0	107	100	268	200	101	0	167	0	0	0	0	0	1	0	0	4	56	3	386	503	193	405	977	3017	9142	39779	0	0
FFQ	52	0	0	0	0	0	0	0	0	0	0	0	0	1	0	106	82	272	172	71	0	155	0	0	0	0	0	0	0	0	4	27	5	402	443	166	358	948	3060	8629	40211	0	0
FFQ	53	0	0	0	0	0	0	0	0	0	0	0	0	1	0	98	100	242	192	78	0	153	0	0	0	2	0	0	0	0	4	30	2	380	463	177	381	908	3039	8593	39997	0	0
FFQ	54	0	0	0	0	0	0	0	0	0	0	0	0	1	0	101	87	234	190	89	0	141	0	0	0	0	0	0	0	0	7	29	4	346	444	154	356	892	2914	8687	39859	0	0
FFQ	55	0	0	0	0	0	0	0	0	0	0	0	0	3	0	91	80	240	159	60	0	131	0	0	0	0	0	0	0	1	6	31	5	314	437	172	330	867	2797	8806	39743	0	0
FFQ	56	0	0	0	0	0	0	0	0	0	0	0	0	3	0	98	94	203	175	60	0	138	0	0	0	1	0	0	0	0	2	32	4	327	426	140	349	809	2747	8646	39708	0	0
FFQ	57	0	0	0	0	0	0	0	0	0	0	0	0	2	0	105	81	230	200	76	0	146	0	0	0	1	0	1	1	0	1	33	3	358	421	159	339	884	2820	8441	39315	0	0
FFQ	58	0	0	0	0	0	0	0	0	0	0	0	0	4	0	102	98	246	199	109	3	146	0	0	0	2	0	0	1	0	4	35	4	352	477	174	378	884	2951	8051	35079	4021	0
FFQ	59	0	0	0	0	0	0	0	0	0	0	0	0	7	0	102	78	251	195	90	2	150	0	0	0	0	0	0	0	0	4	25	10	343	456	157	327	856	2830	8040	35336	3756	0
FFQ	60	0	0	0	0	0	0	0	0	0	0	0	0	5	0	88	75	242	185	90	2	163	0	0	0	1	0	1	0	0	8	36	5	322	445	147	358	741	2790	7696	35717	3601	0
FFQ	61	0	0	0	0	0	0	0	0	0	0	0	0	7	0	91	75	214	171	80	2	125	0	0	0	1	0	0	1	0	17	24	9	290	409	155	308	823	2567	7864	35934	3257	0
FFQ	62	0	0	0	0	0	0	0	0	0	0	0	0	5	0	90	94	279	154	72	2	112	0	0	0	1	2	0	0	0	11	28	8	296	402	141	322	751	2562	7862	35982	2903	0
FFQ	63	0	0	0	0	0	0	0	0	0	0	0	0	6	0	106	70	236	133	68	2	132	0	0	0	0	0	1	0	0	10	31	8	286	399	168	327	810	2540	8369	35546	2517	0
FFQ	64	0	0	0	0	0	0	0	0	0	0	0	0	3	0	84	89	237	137	76	6	103	0	0	0	2	0	4	0	0	14	45	10	289	430	146	286	786	2445	7790	36291	2157	0
FFQ	65	0	0	0	0	0	0	0	0	0	0	0	0	5	0	96	97	248	136	79	7	104	0	0	0	2	0	0	0	0	8	29	8	278	385	162	320	786	2423	7874	36235	1813	0
FFQ	66	0	0	0	0	0	0	0	0	0	0	0	0	8	0	96	68	239	157	66	6	132	0	0	0	0	0	0	0	0	8	39	9	264	384	132	275	752	2394	7757	36534	1435	0
FFQ	67	0	0	0	0	0	0	0	0	0	0	0	0	4	1	98	72	261	123	64	8	126	0	0	0	1	0	2	0	0	12	29	11	288	377	137	254	722	2383	7712	36778	951	0
FFQ	68	0	0	0	0	0	0	0	0	0	0	0	0	5	1	102	66	254	132	77	7	102	0	0	0	1	0	1	0	0	12	26	13	288	391	132	333	804	2424	7931	36313	658	0
FFQ	69	0	0	0	0	0	0	0	0	0	0	0	0	3	0	83	79	272	138	69	7	88	0	0	0	3	0	1	1	0	13	35	17	255	383	121	309	720	2415	7632	36622	437	0
FFQ	70	0	0	0	0	0	0	0	0	0	0	0	0	2	2	98	92	229	129	70	7	101	0	0	0	1	0	1	1	0	14	34	16	252	376	162	291	677	2275	7445	36781	292	0
FFQ	71	0	0	0	0	0	0	0	0	0	0	0	0	2	1	97	65	237	112	91	8	106	0	0	0	0	0	1	1	0	17	43	17	247	392	121	273	695	2343	7353	36639	127	0
FFQ	72	0	0	0	0	0	0	0	0	0	0	0	0	2	0	105	61	265	121	68	9	114	0	0	0	0	0	1	0	0	17	40	23	255	352	125	291	690	2326	7331	36385	71	0
FFQ	73	0	0	0	0	0	0	0	0	0	0	0	0	0	0	113	69	300	172	111	8	200	0	0	0	2	1	0	1	0	14	45	23	305	493	146	360	814	2677	7509	34909	21	0
FFQ	74	0	0	0	0	0	0	0	0	0	0	0	0	0	0	105	70	274	127	103	7	139	0	0	0	2	0	0	0	0	21	49	24	256	452	142	332	762	2493	7252	35339	7	0
FFQ	75	0	0	0	0	0	0	0	0	0	0	0	0	2	0	96	74	264	149	82	5	148	0	0	0	0	0	1	1	1	24	44	28	241	405	142	335	791	2432	7391	34957	0	0
FFQ	76	0	0	0	0	0	0	0	0	0	0	0	0	1	0	94	55	227	117	91	11	94	0	0	0	1	0	2	5	0	24	34	42	250	361	128	272	704	2336	7317	35053	0	0
FFQ	77	0	0	0	0	0	0	0	0	0	0	0	0	2	0	101	61	237	112	78	10	88	0	0	0	3	0	0	3	0	27	43	45	227	360	134	271	718	2257	7247	34827	0	0
FFQ	78	0	0	0	0	0	0	0	0	0	0	0	0	2	0	104	64	229	114	76	13	77	0	0	0	2	0	2	3	0	30	39	38	208	367	140	246	684	2161	7172	34715	0	0
FFQ	79	0	0	0	0	0	0	0	0	0	0	0	0	2	0	98	71	229	105	64	21	103	0	0	0	2	0	0	3	0	24	34	49	174	333	132	252	737	2130	6749	34811	0	0
FFQ	80	0	0	0	0	0	0	0	0	0	0	0	0	5	3	87	68	208	116	74	17	87	0	0	0	2	0	0	0	0	34	36	47	166	358	131	217	612	2215	6952	34316	0	0
FFQ	81	0	0	0	0	0	0	0	0	0	0	0	0	6	1	96	82	298	153	148	24	206	0	0	0	2	0	1	0	2	45	46	71	239	435	158	326	744	2473	6731	33071	0	0
FFQ	82	0	0	0	0	0	0	0	0	0	0	0	0	4	1	92	83	256	134	130	22	156	0	0	0	0	0	1	3	1	40	69	59	206	498	144	320	691	2460	7100	32480	0	0
FFQ	83	0	0	0	0	0	0	0	0	0	0	0	0	4	2	75	65	274	123	102	16	125	0	0	0	0	0	3	0	1	39	63	60	198	450	159	296	685	2323	6505	33035	0	0
FFQ	84	0	0	0	0	0	0	0	0	0	0	0	0	3	2	90	62	229	119	71	17	95	0	0	0	3	0	1	3	0	36	55	59	132	390	103	259	591	2144	6784	32972	0	0
FFQ	85	0	0	0	0	0	0	0	0	0	0	0	0	3	1	98	70	247	137	109	25	146	0	0	0	3	0	1	2	0	41	70	83	175	383	122	314	670	2284	6810	32047	0	0
FFQ	86	0	0	0	0	0	0	0	0	0	0	0	0	7	1	108	57	277	136	138	29	143	0	0	0	1	0	1	3	0	36	75	94	149	425	133	289	609	2348	6544	31852	0	0
FFQ	87	0	0	0	0	0	0	0	0	0	0	0	0	7	2	76	55	224	115	64	34	102	0	0	0	1	1	0	3	0	45	57	78	108	418	111	247	621	2233	6457	32061	0	0
FFQ	88	0	0	0	0	0	0	0	0	0	0	0	0	5	2	103	64	214	132	65	37	76	0	0	0	0	0	2	3	1	43	66	88	107	356	112	227	537	2065	6207	32240	0	0
FFQ	89	0	0	0	0	0	0	0	0	0	0	0	0	2	3	86	57	203	116	68	45	74	0	0	0	3	2	3	2	0	50	39	79	90	327	99	240	501	1955	6374	31956	0	0
FFQ	90	0	0	0	0	0	0	0	0	0	0	0	0	4	2	98	40	213	95	74	27	75	0	0	0	0	0	1	7	1	38	50	78	73	335	97	220	465	1863	6144	31976	0	0
FFQ	91	0	0	0	0	0	0	0	0	0	0	0	0	4	4	133	59	201	97	71	29	56	0	0	0	1	0	1	4	0	72	56	102	86	320	115	217	537	1879	6133	31397	0	0
FFQ	92	0	0	0	0	0	0	0	0	0	0	0	0	10	5	124	65	237	115	125	30	117	0	0	0	1	0	4	4	1	99	69	121	82	373	104	248	673	2094	6333	30122	0	0
FFQ	93	0	0	0	0	0	0	0	0	0	0	0	0	8	1	107	65	252	134	82	50	79	0	0	0	2	1	2	4	0	53	80	118	61	364	107	205	603	2060	6509	29780	0	0
FFQ	94	0	0	0	0	0	0	0	0	0	0	0	0	10	2	102	55	181	85	80	49	57	0	0	0	0	3	3	4	0	52	75	114	48	337	94	188	567	1874	5985	30334	0	0
FFQ	95	0	0	0	0	0	0	0	0	0	0	0	0	7	3	113	68	228	114	88	71	73	0	0	0	1	0	4	4	0	46	61	118	48	354	106	225	583	1934	6149	29533	0	0
FFQ	96	0	0	0	0	0	0	0	0	0	0	0	0	8	4	114	69	199	109	101	69	66	0	0	0	2	1	4	7	1	52	58	119	39	365	117	241	562	1895	5950	29400	0	0
FFQ	97	0	0	0	0	0	0	0	0	0	0	0	0	11	2	118	59	183	111	143	51	100	0	0	0	3	2	2	10	0	52	78	112	48	376	110	239	548	1976	6250	28550	0	0
FFQ	98	0	0	0	0	0	0	0	0	0	0	0	0	15	2	117	63	182	95	78	71	39	0	0	0	2	3	1	5	0	59	71	121	36	343	108	185	572	1901	5937	28787	0	0
FFQ	99	0	0	0	0	0	0	0	0	0	0	0	0	11	5	120	65	158	87	114	50	37	0	0	0	3	0	4	8	0	39	65	115	41	327	111	171	514	1717	5645	28994	0	0
FFQ	100	0	0	0	0	0	0	0	0	0	0	0	0	11	3	111	60	173	98	132	49	46	0	0	0	3	2	1	8	0	58	55	104	44	303	105	150	501	1710	5597	28650	0	0
FFQ	101	0	0	0	0	0	0	0	0	0	0	0	0	14	5	105	53	168	95	84	54	34	0	0	0	0	0	1	13	0	48	73	82	47	301	92	169	541	1680	5853	28044	0	0
FFQ	102	0	0	0	0	0	0	0	0	0	0	0	0	11	4	87	54	169	94	60	92	31	0	0	0	3	1	4	15	1	45	80	96	32	277	98	194	490	1631	5513	28038	0	0
FFQ	103	0	0	0	0	0	0	0	0	0	0	0	0	15	4	95	62	178	101	73	76	23	0	0	0	2	2	2	9	1	38	66	79	29	335	95	169	465	1612	5400	27773	0	0
FFQ	104	0	0	0	0	0	0	0	0	0	0	0	0	17	4	94	56	163	97	129	82	19	0	0	0	2	3	2	13	1	36	72	107	20	285	98	152	501	1579	5285	27494	0	0
FFQ	105	0	0	0	0	0	0	0	0	0	0	0	0	14	6	103	51	194	89	145	82	19	0	0	0	1	1	4	17	1	56	65	92	38	297	89	155	460	1671	5175	27110	0	0
FFQ	106	0	0	0	0	0	0	0	0	0	0	0	0	17	6	103	46	153	105	133	70	11	0	0	0	0	2	1	14	1	55	87	108	47	337	89	175	445	1693	5312	26533	0	0
FFQ	107	0	0	0	0	0	0	0	0	0	0	0	0	16	3	105	64	155	82	90	80	14	0	0	0	2	4	7	17	1	38	71	99	28	332	106	143	406	1574	5352	26367	0	0
FFQ	108	0	0	0	0	0	0	0	0	0	0	0	0	12	8	112	52	164	73	88	76	4	0	0	0	2	3	0	17	1	50	63	72	25	323	98	143	515	1571	5368	25925	0	0
FFQ	109	0	0	0	0	0	0	0	0	0	0	0	0	19	7	96	50	158	81	123	74	6	0	0	0	3	1	5	18	0	59	63	69	31	274	112	138	449	1441	5318	25770	0	0
FFQ	110	0	0	0	0	0	0	0	0	0	0	0	0	15	8	115	55	164	75	111	88	2	0	0	0	2	1	5	14	3	44	73	99	41	277	98	124	492	1400	5001	25672	0	0
FFQ	111	0	0	0	0	0	0	0	0	0	0	0	0	17	7	108	57	164	83	68	101	2	0	0	0	9	4	4	14	1	51	106	61	28	283	107	151	450	1494	5161	25062	0	0
FFQ	112	0	0	0	0	0	0	0	0	0	0	0	0	20	4	101	48	147	82	128	96	0	0	0	0	1	1	3	25	0	46	79	82	33	321	90	145	431	1523	5166	24619	0	0
FFQ	113	0	0	0	0	0	0	0	0	0	0	0	0	11	12	126	55	159	76	123	97	0	0	0	0	7	1	5	15	0	44	98	86	30	319	113	175	462	1620	5033	24126	0	0
FFQ	114	0	0	0	0	0	0	0	0	0	0	0	0	14	7	115	67	129	92	104	67	1	0	0	0	5	2	6	24	1	52	85	83	37	304	83	151	455	1500	4924	24085	0	0
FFQ	115	0	0	0	0	0	0	0	0	0	0	0	0	20	12	127	62	166	86	113	84	1	0	0	0	3	1	4	23	3	53	90	86	44	298	114	151	431	1561	4627	23881	0	0
FFQ	116	0	0	0	0	0	0	0	0	0	0	0	0	21	11	124	57	129	79	114	91	0	0	0	0	6	2	8	21	2	55	81	70	32	299	92	171	478	1525	4726	23495	0	0
FFQ	117	0	0	0	0	0	0	0	0	0	0	0	0	25	6	109	60	147	87	95	81	0	0	0	0	4	4	6	33	4	50	93	65	31	304	98	140	377	1466	4660	23375	0	0
FFQ	118	0	0	0	0	0	0	0	0	0	0	0	0	18	8	112	60	132	84	66	69	0	0	0	0	5	4	9	24	1	51	80	57	33	264	100	136	378	1344	4359	23505	0	0
FFQ	119	0	0	0	0	0	0	0	0	0	0	0	0	19	8	121	57	151	77	99	68	0	0	0	0	4	2	4	36	4	33	83	57	33	260	83	141	368	1308	4484	22990	0	0
FFQ	120	0	0	0	0	0	0	0	0	0	0	0	0	25	7	120	94	120	79	50	60	0	0	0	0	4	6	2	32	2	52	79	66	27	251	82	163	355	1307	4351	22750	0	0
FFQ	121	0	0	0	0	0	0	0	0	0	0	0	0	25	10	135	61	134	91	68	50	0	0	0	0	6	2	1	27	5	34	89	77	34	232	102	138	349	1200	4433	22412	0	0
FFQ	122	0	0	0	0	0	0	0	0	0	0	0	0	29	13	120	50	125	78	73	79	0	0	0	0	3	2	5	39	3	44	76	61	27	238	108	111	311	1242	4293	22227	0	0
FFQ	123	0	0	0	0	0	0	0	0	0	0	0	0	35	9	115	61	115	89	72	48	0	0	0	0	5	1	11	41	2	37	87	61	35	214	80	139	370	1273	4310	21782	0	0
FFQ	124	0	0	0	0	0	0	0	0	0	0	0	0	34	12	130	65	115	77	86	73	0	0	0	0	5	4	10	37	4	38	78	60	24	229	95	150	383	1174	4240	21502	0	0
FFQ	125	0	0	0	0	0	0	0	0	0	0	0	0	31	15	141	57	138	71	95	72	0	0	0	0	3	4	7	42	1	38	85	56	33	224	92	117	345	1300	4059	21219	0	0
FFQ	126	0	0	0	0	0	0	0	0	0	0	0	0	36	19	122	71	115	73	52	62	0	0	0	0	4	2	6	37	3	48	86	48	31	240	105	130	386	1242	4305	20674	0	0
FFQ	127	0	0	0	0	0	0	0	0	0	0	0	0	28	22	140	63	131	85	88	58	0	0	0	0	9	2	10	42	1	32	100	56	43	231	86	169	331	1229	4252	20206	111	0
FFQ	128	0	0	1	0	0	0	0	0	0	0	0	0	32	18	125	67	150	95	74	69	0	0	0	0	8	8	7	37	4	49	86	44	35	240	92	152	332	1159	4355	19841	111	0
FFQ	129	0	0	0	0	0	0	0	0	0	0	0	0	34	21	143	80	131	66	60	58	0	0	0	0	3	2	9	47	6	58	96	34	31	243	113	149	321	1217	4140	19609	159	0
FFQ	130	0	0	0	0	0	0	0	0	0	0	0	0	40	16	131	86	125	88	65	63	0	0	0	0	2	4	7	43	6	54	84	32	20	223	109	128	295	1157	4214	19416	113	0
FFQ	131	0	0	0	0	0	0	0	0	0	0	0	0	38	16	107	60	119	74	49	38	0	0	0	0	12	8	9	63	4	53	94	48	29	238	91	130	249	1130	3957	19426	104	0
FFQ	132	0	0	0	0	0	0	0	0	0	0	0	0	38	19	132	87	102	61	78	29	0	0	0	0	7	6	3	39	5	39	74	25	26	217	93	136	295	1145	4131	18949	88	0
FFQ	133	0	0	0	0	0	0	0	0	0	0	0	0	31	24	161	90	118	62	64	59	0	0	0	0	4	10	10	51	7	46	93	28	36	260	117	158	325	1148	4059	18443	68	0
FFQ	134	0	0	0	0	0	0	0	0	0	0	0	0	30	27	145	86	109	65	70	59	0	0	0	0	7	6	5	54	4	55	108	31	31	238	99	140	302	1178	3923	18304	86	0
FFQ	135	0	0	0	0	0	0	0	0	0	0	0	0	32	27	138	103	101	97	52	61	0	0	0	0	6	7	8	47	4	50	88	33	32	239	115	143	273	1209	3760	18137	75	0
FFQ	136	0	0	0	0	0	0	0	0	0	0	0	0	27	23	137	84	117	72	73	34	0	0	0	0	7	15	13	65	3	43	82	27	21	219	106	117	261	1133	3596	18104	87	0
FFQ	137	0	0	0	0	0	0	0	0	0	0	0	0	34	23	153	92	119	109	83	47	0	0	0	0	7	6	9	59	10	58	98	32	28	216	98	135	293	1210	3714	17414	94	0
FFQ	138	0	0	0	0	0	0	0	0	0	0	0	0	49	26	134	104	115	77	53	32	0	0	0	0	9	4	12	56	9	37	99	32	23	197	79	104	268	1092	3551	17545	59	0
FFQ	139	0	0	0	0	0	0	0	0	0	0	0	0	37	28	127	85	110	67	59	23	0	0	0	0	13	10	11	65	7	48	73	39	28	181	109	125	229	1013	3544	17357	61	0
FFQ	140	0	0	0	0	0	0	0	0	0	0	0	0	51	39	155	91	111	71	57	36	0	0	0	0	13	11	12	61	4	40	74	25	27	186	102	142	233	1019	3483	17010	50	0
FFQ	141	0	0	0	0	0	0	0	0	0	0	0	0	59	35	131	92	100	61	58	29	0	0	0	0	9	3	11	66	10	57	94	34	36	192	82	119	235	1030	3443	16723	54	0
FFQ	142	0	0	0	0	0	0	0	0	0	0	0	0	58	43	153	83	106	60	43	31	0	0	0	0	11	6	12	72	8	43	86	24	36	175	80	126	218	963	3446	16558	36	0
FFQ	143	0	0	0	0	0	0	0	0	0	0	0	0	59	36	147	103	127	90	69	40	0	0	0	0	10	9	14	58	5	34	85	36	36	193	104	129	274	1055	3286	16101	39	0
FFQ	144	0	0	0	0	0	0	0	0	0	0	0	0	64	38	109	109	119	79	43	23	0	0	0	0	12	4	17	60	7	31	67	45	28	157	77	131	234	1066	3282	15981	36	0
FFQ	145	0	0	0	0	0	0	0	0	0	0	0	0	81	43	111	94	114	62	46	20	0	0	0	0	7	9	11	64	6	44	79	28	27	176	101	117	243	953	3306	15748	32	0
FFQ	146	0	0	0	0	0	0	0	0	0	0	0	0	63	54	120	96	100	63	36	15	0	0	0	0	8	14	14	59	4	45	72	30	27	170	89	145	235	947	3197	15537	22	0
FFQ	147	0	0	0	0	0	0	0	0	0	0	0	0	56	45	116	106	126	80	47	22	0	0	0	0	18	14	13	66	9	39	59	31	35	150	93	166	200	894	3134	15259	24	0
FFQ	148	0	0	0	0	0	0	0	0	0	0	0	0	71	46	117	102	111	81	39	22	0	0	0	0	10	11	11	64	7	31	56	40	26	157	92	117	196	924	3189	14811	20	0
FFQ	149	0	0	0	0	0	0	0	0	0	0	0	0	72	43	99	103	133	77	32	15	0	0	0	0	12	11	14	57	14	35	72	45	22	127	101	130	200	905	3006	14243	15	0
FFQ	150	0	0	0	0	0	0	0	0	0	0	0	0	67	32	98	85	114	85	40	13	0	0	0	0	24	13	11	54	5	38	54	36	32	148	106	122	154	866	2864	12942	9	0
FFQ	151	0	0	0	0	0	0	0	0	0	0	0	0	49	26	119	81	148	125	104	63	0	0	0	0	1	7	7	68	19	41	173	62	55	339	175	306	353	1897	2258	5397	2	0
# Last Fragment Qualities. Use `grep ^LFQ | cut -f 2-` to extract this part.
# Columns correspond to qualities and rows to cycles. First column is the cycle number.
LFQ	1	0	0	624	0	0	0	0	0	0	0	0	0	0	0	0	0	387	0	234	0	0	0	0	0	0	0	0	0	0	736	205	63	8300	15739	24840	6903	1714	0	0	0	0	0
LFQ	2	0	0	624	0	0	0	0	0	0	0	0	0	0	0	0	0	296	0	104	0	0	0	0	0	0	0	0	0	0	525	174	83	6699	14069	23925	10174	3072	0	0	0	0	0
LFQ	3	0	0	624	0	0	0	0	0	0	0	0	0	0	0	0	0	274	0	87	0	0	0	0	0	0	0	0	0	0	382	200	153	6131	13440	22673	11749	4032	0	0	0	0	0
LFQ	4	0	0	624	0	0	0	0	0	0	0	0	0	0	0	0	0	267	0	93	0	0	0	0	0	0	0	0	0	0	286	246	149	5658	13014	22776	12239	4393	0	0	0	0	0
LFQ	5	0	0	624	0	0	0	0	0	0	0	0	0	0	0	0	0	408	0	113	0	0	0	0	0	0	0	0	0	0	333	310	202	5745	12918	23029	11879	4184	0	0	0	0	0
LFQ	6	0	0	624	0	0	0	0	0	0	0	0	0	0	0	0	0	313	0	162	97	98	0	0	0	0	0	0	0	0	89	72	230	786	2511	3494	2399	471	48399	0	0	0	0
LFQ	7	0	0	624	0	0	0	0	0	0	0	0	0	0	0	0	0	343	1	167	102	113	0	0	0	0	0	0	0	0	96	84	263	727	2441	3406	2250	414	48714	0	0	0	0
LFQ	8	0	0	624	0	0	0	0	0	0	0	0	0	0	0	0	0	295	2	141	60	67	0	0	0	0	0	0	0	0	122	63	250	737	2384	3762	2489	444	48305	0	0	0	0
LFQ	9	0	0	624	0	0	0	0	0	0	0	0	0	0	0	0	0	292	6	120	58	56	0	0	0	0	0	0	0	0	92	58	215	801	2365	3795	2377	450	48436	0	0	0	0
LFQ	10	0	0	624	0	0	0	0	0	0	0	0	0	0	0	0	1	301	14	142	57	55	0	0	0	0	0	0	0	0	88	67	203	817	2515	3908	2549	490	47914	0	0	0	0
LFQ	11	0	0	624	0	0	0	0	0	0	0	0	0	0	0	0	0	285	5	125	45	43	0	0	0	0	0	0	0	0	117	65	200	954	2564	3755	2638	532	47793	0	0	0	0
LFQ	12	0	0	624	0	0	0	0	0	0	0	0	0	0	0	0	0	288	17	130	35	49	0	0	0	0	0	0	0	0	112	67	198	925	2509	3642	2469	503	48177	0	0	0	0
LFQ	13	0	0	624	0	0	0	0	0	0	0	0	0	0	0	0	6	335	28	164	68	66	23	0	0	0	0	0	0	0	0	27	0	339	426	377	236	607	2426	53993	0	0	0
LFQ	14	0	0	624	0	0	0	0	0	0	0	0	0	0	0	0	6	290	19	137	75	70	9	0	0	0	0	0	0	0	0	32	0	380	426	374	231	632	2342	54098	0	0	0
LFQ	15	0	0	624	0	0	0	0	0	0	0	0	0	0	0	1	10	304	25	137	71	64	12	0	0	0	0	0	0	0	0	25	0	347	413	324	211	562	2309	54306	0	0	0
LFQ	16	0	0	624	0	0	0	0	0	0	0	0	0	0	0	0	15	249	13	112	46	52	7	0	0	0	0	0	0	0	0	21	0	329	407	328	207	565	2219	54551	0	0	0
LFQ	17	0	0	624	0	0	0	0	0	0	0	0	0	0	0	0	13	250	15	130	55	35	8	0	0	0	0	0	0	0	0	20	0	334	390	277	224	573	2208	54589	0	0	0
LFQ	18	0	0	624	0	0	0	0	0	0	0	0	0	0	0	0	22	291	18	154	68	59	10	0	0	0	0	0	0	0	0	29	0	382	397	348	228	592	2298	54225	0	0	0
LFQ	19	0	0	624	0	0	0	0	0	0	0	0	0	0	0	0	22	284	18	131	61	44	5	0	0	0	0	0	0	0	0	19	0	376	396	330	227	539	2231	54438	0	0	0
LFQ	20	0	0	624	0	0	0	0	0	0	0	0	0	0	0	1	34	240	14	107	55	46	7	0	0	0	0	0	0	0	0	26	0	348	342	309	221	610	2184	54577	0	0	0
LFQ	21	0	0	624	0	0	0	0	0	0	0	0	0	0	0	0	48	246	12	125	43	36	14	0	0	0	0	0	0	0	0	25	0	287	358	320	199	542	2167	54699	0	0	0
LFQ	22	0	0	624	0	0	0	0	0	0	0	0	0	0	0	0	48	216	12	123	49	31	13	0	0	0	0	0	0	0	0	27	0	344	348	301	194	568	2163	54684	0	0	0
LFQ	23	0	0	624	0	0	0	0	0	0	0	0	0	0	0	1	54	251	18	105	42	35	7	0	0	0	0	0	0	0	0	24	0	308	317	287	289	526	2070	8001	46786	0	0
LFQ	24	0	0	624	0	0	0	0	0	0	0	0	0	0	0	2	80	260	33	115	62	62	13	0	0	0	0	0	0	0	0	25	0	341	374	278	326	600	2201	8372	45977	0	0
LFQ	25	0	0	624	0	0	0	0	0	0	0	0	0	0	0	2	126	241	28	135	83	99	17	0	0	0	0	0	0	0	0	34	0	421	456	362	430	656	2463	8431	45137	0	0
LFQ	26	0	0	624	0	0	0	0	0	0	0	0	0	0	0	2	124	201	48	114	94	90	26	0	0	0	0	0	0	0	0	24	0	371	394	278	356	642	2506	8403	45448	0	0
LFQ	27	0	0	624	0	0	0	0	0	0	0	0	0	0	0	5	114	170	31	130	89	111	15	0	0	0	0	0	0	0	0	24	0	363	398	259	382	597	2366	8315	45752	0	0
LFQ	28	0	0	624	0	0	0	0	0	0	0	0	0	0	0	0	104	117	45	109	61	69	16	0	0	0	0	0	0	0	0	20	0	351	369	233	335	629	2225	8198	46240	0	0
LFQ	29	0	0	624	0	0	0	0	0	0	0	0	0	0	0	2	114	179	39	112	74	71	22	0	0	0	0	0	0	0	0	26	0	325	355	227	312	583	2193	8144	46343	0	0
LFQ	30	0	0	624	0	0	0	0	0	0	0	0	0	0	0	3	112	152	33	99	54	90	12	0	0	0	0	0	0	0	0	23	0	343	324	252	333	558	2160	7985	46588	0	0
LFQ	31	0	0	624	0	0	0	0	0	0	0	0	0	0	0	9	109	169	58	105	50	81	15	0	0	0	0	0	0	0	0	15	0	313	373	233	332	582	2178	7858	46641	0	0
LFQ	32	0	0	624	0	0	0	0	0	0	0	0	0	0	0	6	104	145	45	110	35	77	13	0	0	0	0	0	0	0	0	20	0	358	302	204	325	519	2142	7964	46752	0	0
LFQ	33	0	0	624	0	0	0	0	0	0	0	0	0	0	0	4	78	136	65	97	42	94	16	0	0	0	0	0	0	0	0	19	0	335	341	253	335	533	2107	7829	46837	0	0
LFQ	34	0	0	624	0	0	0	0	0	0	0	0	0	0	0	12	144	202	287	238	419	831	146	0	0	0	0	0	0	0	0	23	0	642	671	298	629	628	2643	7558	43750	0	0
LFQ	35	0	0	624	0	0	0	0	0	0	0	0	0	0	0	9	113	137	67	110	46	92	15	0	0	0	0	0	0	0	0	26	0	410	743	244	732	632	3283	8227	44235	0	0
LFQ	36	0	0	0	0	0	0	0	0	0	0	0	0	0	0	10	102	166	68	102	38	77	8	0	0	0	0	0	0	0	0	23	0	341	365	250	358	656	2454	8642	45326	0	0
LFQ	37	0	0	0	0	0	0	0	0	0	0	0	0	0	0	12	104	153	225	230	175	568	117	0	0	0	0	0	0	0	0	43	0	387	623	351	610	584	2405	7412	44846	0	0
LFQ	38	0	0	0	0	0	0	0	0	0	0	0	0	0	0	22	86	122	87	102	25	84	13	0	0	0	0	0	0	0	0	21	0	399	739	243	1036	604	2433	7699	44952	0	0
LFQ	39	0	0	0	0	0	0	0	0	0	0	0	0	0	0	24	76	149	124	73	20	85	5	0	0	0	0	0	0	0	0	20	0	337	616	241	810	614	2343	8040	44911	0	0
LFQ	40	0	0	0	0	0	0	0	0	0	0	0	0	0	0	20	89	181	128	90	11	124	6	0	0	0	0	0	0	0	0	18	0	347	506	273	529	599	2511	8130	44715	0	0
LFQ	41	0	0	0	0	0	0	0	0	0	0	0	0	0	0	15	83	158	127	78	8	92	2	0	0	0	0	0	0	0	0	19	1	327	369	240	353	575	2228	8427	44937	0	0
LFQ	42	0	0	0	0	0	0	0	0	0	0	0	0	0	0	18	103	157	132	64	2	76	1	0	0	0	0	0	0	0	0	21	0	326	323	197	314	522	2073	7779	45682	0	0
LFQ	43	0	0	0	0	0	0	0	0	0	0	0	0	0	0	17	91	145	149	44	0	74	0	0	0	0	0	0	0	0	1	25	0	337	285	265	319	613	2038	7775	45381	0	0
LFQ	44	0	0	0	0	0	0	0	0	0	0	0	0	1	0	29	100	133	133	55	0	99	0	0	0	0	0	0	1	0	0	24	1	279	273	246	290	576	2017	8064	45013	0	0
LFQ	45	0	0	0	0	0	0	0	0	0	0	0	0	0	0	22	87	135	129	33	0	95	0	0	0	0	0	0	0	1	0	23	1	322	324	123	266	669	2070	7956	44810	0	0
LFQ	46	0	0	0	0	0	0	0	0	0	0	0	0	0	0	24	93	152	138	53	0	101	0	0	0	0	0	0	1	0	1	26	3	317	332	122	305	701	2114	7628	44679	0	0
LFQ	47	0	0	0	0	0	0	0	0	0	0	0	0	0	0	37	74	159	143	41	0	95	0	0	0	0	0	1	1	0	1	19	3	332	347	150	257	624	2044	7760	44454	0	0
LFQ	48	0	0	0	0	0	0	0	0	0	0	0	0	0	0	49	67	162	139	71	0	106	0	0	0	0	0	1	0	0	0	18	0	327	319	120	295	676	2023	7664	44257	0	0
LFQ	49	0	0	0	0	0	0	0	0	0	0	0	0	0	0	44	77	155	143	55	0	83	0	0	0	1	0	0	0	0	1	20	1	281	335	116	246	637	2051	7379	44410	0	0
LFQ	50	0	0	0	0	0	0	0	0	0	0	0	0	0	0	58	57	140	126	42	0	89	0	0	0	0	0	1	0	0	1	12	1	295	313	123	314	650	1964	7557	44011	0	0
LFQ	51	0	0	0	0	0	0	0	0	0	0	0	0	0	0	50	53	154	120	51	0	76	0	0	0	0	1	0	0	0	0	26	0	310	332	131	289	654	2020	7685	43504	0	0
LFQ	52	0	0	0	0	0	0	0	0	0	0	0	0	1	0	55	59	151	119	43	0	112	0	0	0	0	0	0	0	0	1	21	2	336	307	119	274	682	1975	7262	43654	0	0
LFQ	53	0	0	0	0	0	0	0	0	0	0	0	0	0	0	52	60	161	139	54	0	122	0	0	0	0	0	1	0	0	3	31	2	301	362	144	277	647	1997	7313	43239	0	0
LFQ	54	0	0	0	0	0	0	0	0	0	0	0	0	0	0	48	53	168	145	77	0	104	0	0	0	0	0	0	0	0	4	29	3	323	402	130	339	686	2095	7314	42687	0	0
LFQ	55	0	0	0	0	0	0	0	0	0	0	0	0	0	0	71	52	162	137	64	0	104	0	0	0	0	0	0	0	0	5	21	4	305	346	132	254	645	2026	7599	42419	0	0
LFQ	56	0	0	0	0	0	0	0	0	0	0	0	0	0	0	76	49	144	121	60	0	100	0	0	0	0	0	0	0	0	4	15	4	315	346	101	284	719	2071	7281	42350	0	0
LFQ	57	0	0	0	0	0	0	0	0	0	0	0	0	0	0	49	44	145	104	67	0	93	0	0	0	0	0	0	0	0	5	17	4	304	295	125	285	611	1774	7314	42461	0	0
LFQ	58	0	0	0	0	0	0	0	0	0	0	0	0	0	0	49	69	202	113	65	2	128	0	0	0	0	0	0	0	0	5	19	10	311	318	118	268	691	2032	6670	34603	7735	0
LFQ	59	0	0	0	0	0	0	0	0	0	0	0	0	0	0	47	51	162	125	61	1	86	0	0	0	0	0	0	0	0	5	17	5	296	316	105	280	565	1889	6533	35336	7227	0
LFQ	60	0	0	0	0	0	0	0	0	0	0	0	0	0	0	54	31	190	91	49	1	78	0	0	0	0	0	0	0	0	7	18	5	283	321	126	253	530	1938	6500	35482	6852	0
LFQ	61	0	0	0	0	0	0	0	0	0	0	0	0	0	0	51	60	156	91	39	3	79	0	0	0	0	0	0	0	0	10	22	9	252	294	114	252	535	1785	6413	36104	6249	0
LFQ	62	0	0	0	0	0	0	0	0	0	0	0	0	0	0	55	59	162	106	60	1	70	0	0	0	0	0	0	0	0	10	18	8	257	286	110	249	520	1759	6391	36293	5759	0
LFQ	63	0	0	0	0	0	0	0	0	0	0	0	0	0	0	74	48	177	98	74	2	119	0	0	0	0	0	0	0	0	8	26	4	260	309	120	230	621	1912	7118	35931	4731	0
LFQ	64	0	0	0	0	0	0	0	0	0	0	0	0	0	0	68	57	196	118	56	4	127	0	0	0	0	0	0	0	0	7	25	11	285	348	143	278	599	2038	6789	36414	3968	0
LFQ	65	0	0	0	0	0	0	0	0	0	0	0	0	0	0	81	77	241	131	133	5	229	0	0	0	0	0	0	1	0	13	24	17	364	466	183	345	716	2298	7181	35554	3144	0
LFQ	66	0	0	0	0	0	0	0	0	0	0	0	0	0	0	58	54	183	96	63	4	106	0	0	0	0	0	0	0	0	12	30	7	323	374	114	305	682	2156	6946	36856	2497	0
LFQ	67	0	0	0	0	0	0	0	0	0	0	0	0	0	0	72	84	176	76	68	7	118	0	0	0	0	0	0	0	0	19	23	13	284	312	126	273	606	2024	6982	37467	1793	0
LFQ	68	0	0	0	0	0	0	0	0	0	0	0	0	0	0	52	56	139	68	64	5	71	0	0	0	0	0	0	0	0	12	20	9	299	255	105	263	558	1868	6873	38213	1258	0
LFQ	69	0	0	0	0	0	0	0	0	0	0	0	0	0	0	50	58	186	90	67	5	104	0	0	0	0	0	0	1	0	12	24	16	239	301	106	233	622	1953	6698	38218	831	0
LFQ	70	0	0	0	0	0	0	0	0	0	0	0	0	0	0	57	42	177	78	56	7	75	0	0	0	0	0	0	0	0	11	22	19	218	327	131	230	526	1783	6307	38927	469	0
LFQ	71	0	0	0	0	0	0	0	0	0	0	0	0	0	0	47	48	186	97	69	6	100	0	0	0	0	0	0	0	0	13	19	15	241	295	109	252	577	1773	6296	38695	265	0
LFQ	72	0	0	0	0	0	0	0	0	0	0	0	0	0	0	48	31	158	65	51	7	66	0	0	0	0	0	0	0	0	8	21	21	243	271	95	227	544	1689	6246	38839	136	0
LFQ	73	0	0	0	0	0	0	0	0	0	0	0	0	0	0	41	49	174	80	65	3	81	0	0	0	0	0	0	0	0	20	32	21	209	285	114	258	577	1749	6395	38209	47	0
LFQ	74	0	0	0	0	0	0	0	0	0	0	0	0	0	0	48	40	161	81	60	5	77	0	0	0	0	0	0	1	0	15	26	13	202	284	112	232	522	1671	6378	38139	15	0
LFQ	75	0	0	0	0	0	0	0	0	0	0	0	0	1	0	56	45	181	74	65	6	93	0	0	0	0	0	0	0	0	15	39	24	217	291	146	206	610	1770	6481	37425	0	0
LFQ	76	0	0	0	0	0	0	0	0	0	0	0	0	0	0	67	82	324	137	302	10	548	0	0	0	0	0	0	1	0	30	39	41	355	543	141	416	702	2083	6355	35173	0	0
LFQ	77	0	0	0	0	0	0	0	0	0	0	0	0	0	0	65	48	157	87	48	4	71	0	0	0	0	0	0	1	0	34	38	39	226	474	118	466	638	2344	6902	35225	0	0
LFQ	78	0	0	0	0	0	0	0	0	0	0	0	0	0	0	52	41	145	82	51	4	78	0	0	0	0	0	0	1	0	26	33	25	192	319	108	236	579	1712	6752	36182	0	0
LFQ	79	0	0	0	0	0	0	0	0	0	0	0	0	0	1	67	34	135	72	53	7	88	0	0	0	0	0	0	0	0	30	31	36	173	249	91	205	520	1617	5916	36933	0	0
LFQ	80	0	0	0	0	0	0	0	0	0	0	0	0	1	0	49	43	143	62	42	5	62	0	0	0	0	0	0	2	0	24	30	41	159	263	103	204	452	1571	5798	36837	0	0
LFQ	81	0	0	0	0	0	0	0	0	0	0	0	0	1	0	45	46	137	63	60	9	71	0	0	0	0	0	0	0	0	27	30	40	150	231	93	223	461	1485	5631	36688	0	0
LFQ	82	0	0	0	0	0	0	0	0	0	0	0	0	1	0	55	48	133	81	57	8	81	0	0	0	0	0	0	0	0	30	34	46	146	233	101	187	452	1529	5981	35881	0	0
LFQ	83	0	0	0	0	0	0	0	0	0	0	0	0	0	1	55	42	140	87	50	10	82	0	0	0	0	0	0	0	0	25	40	59	165	253	91	200	450	1579	5497	35904	0	0
LFQ	84	0	0	0	0	0	0	0	0	0	0	0	0	0	0	48	44	141	67	57	8	61	0	0	0	0	0	0	0	0	27	26	62	123	245	89	203	421	1511	5640	35575	0	0
LFQ	85	0	0	0	0	0	0	0	0	0	0	0	0	0	0	66	44	177	94	89	14	100	0	0	0	0	0	0	2	0	34	43	52	152	269	115	236	521	1784	5840	34338	0	0
LFQ	86	0	0	0	0	0	0	0	0	0	0	0	0	0	0	60	34	137	76	63	19	74	0	0	0	0	0	1	0	0	37	45	85	129	248	99	205	501	1715	5564	34491	0	0
LFQ	87	0	0	0	0	0	0	0	0	0	0	0	0	0	0	50	36	140	80	57	21	64	0	0	0	0	0	0	1	1	29	42	63	114	265	92	207	458	1549	5481	34501	0	0
LFQ	88	0	0	0	0	0	0	0	0	0	0	0	0	0	0	45	46	175	76	66	25	86	0	0	0	0	0	0	4	0	44	42	93	112	269	100	215	450	1615	5333	34090	0	0
LFQ	89	0	0	0	0	0	0	0	0	0	0	0	0	0	0	43	32	132	85	57	15	45	0	0	0	0	0	0	3	0	32	42	86	70	279	89	169	428	1491	5606	33804	0	0
LFQ	90	0	0	0	0	0	0	0	0	0	0	0	0	0	0	49	32	176	80	82	34	86	0	0	0	0	0	0	1	0	26	46	97	85	249	82	188	454	1516	5395	33441	0	0
LFQ	91	0	0	0	0	0	0	0	0	0	0	0	0	0	0	49	31	116	74	55	20	48	0	0	0	0	0	1	2	0	68	54	84	55	255	97	166	434	1485	5467	33167	0	0
LFQ	92	0	0	0	0	0	0	0	0	0	0	0	0	0	0	44	41	152	58	57	18	49	0	0	0	0	0	0	0	0	56	57	66	58	229	85	171	432	1331	5505	32905	0	0
LFQ	93	0	0	0	0	0	0	0	0	0	0	0	0	0	1	57	43	169	60	59	23	34	0	0	0	0	0	0	2	0	52	48	59	63	239	101	154	429	1397	5499	32406	0	0
LFQ	94	0	0	0	0	0	0	0	0	0	0	0	0	0	0	58	37	125	55	61	45	42	0	0	0	1	1	0	1	0	31	44	103	46	231	81	153	429	1363	5121	32450	0	0
LFQ	95	0	0	0	0	0	0	0	0	0	0	0	0	0	0	57	40	119	60	47	49	28	0	0	0	1	1	0	0	0	39	49	109	34	245	94	167	375	1402	5310	31879	0	0
LFQ	96	0	0	0	0	0	0	0	0	0	0	0	0	0	0	47	45	115	61	63	52	46	0	0	0	0	0	0	3	0	40	51	91	40	224	103	175	426	1370	5211	31566	0	0
LFQ	97	0	0	0	0	0	0	0	0	0	0	0	0	0	0	74	42	145	56	99	34	45	0	0	0	0	0	0	8	1	42	49	96	34	246	91	178	434	1295	5289	31055	0	0
LFQ	98	0	0	0	0	0	0	0	0	0	0	0	0	0	0	51	34	130	56	45	44	33	0	0	0	1	0	0	4	0	44	42	107	21	237	81	181	351	1380	5114	31018	0	0
LFQ	99	0	0	0	0	0	0	0	0	0	0	0	0	0	1	53	26	117	53	75	30	21	0	0	0	0	0	0	1	0	25	48	101	25	236	75	175	389	1330	4923	30877	0	0
LFQ	100	0	0	0	0	0	0	0	0	0	0	0	0	0	1	46	47	108	51	69	31	21	0	0	0	0	0	0	2	0	41	51	96	26	223	97	130	378	1313	4854	30578	0	0
LFQ	101	0	0	0	0	0	0	0	0	0	0	0	0	0	0	50	38	106	46	67	34	22	0	0	0	0	0	0	4	0	38	51	77	30	208	85	160	356	1329	5253	29790	0	0
LFQ	102	0	0	0	0	0	0	0	0	0	0	0	0	0	1	42	40	108	56	54	48	15	0	0	0	0	0	0	4	0	34	67	99	31	218	60	141	383	1115	4865	29929	0	0
LFQ	103	0	0	0	0	0	0	0	0	0	0	0	0	0	0	46	43	119	71	72	34	29	0	0	0	0	0	1	8	1	23	58	110	25	214	75	169	391	1342	4874	29184	0	0
LFQ	104	0	0	0	0	0	0	0	0	0	0	0	0	0	0	43	27	108	63	102	42	10	0	0	0	0	0	1	9	0	29	67	84	18	252	84	128	358	1220	4846	29015	0	0
LFQ	105	0	0	0	0	0	0	0	0	0	0	0	0	0	0	50	41	98	52	87	39	14	0	0	0	0	0	0	6	1	32	53	78	16	211	78	142	364	1181	4656	28936	0	0
LFQ	106	0	0	0	0	0	0	0	0	0	0	0	0	0	0	47	36	90	52	78	43	12	0	0	0	0	0	1	3	0	36	65	78	28	220	85	135	310	1117	4764	28547	0	0
LFQ	107	0	0	0	0	0	0	0	0	0	0	0	0	0	1	53	33	105	42	56	32	6	0	0	0	0	0	0	7	0	36	48	70	22	189	84	116	351	1121	4732	28258	0	0
LFQ	108	0	0	0	0	0	0	0	0	0	0	0	0	0	1	53	33	87	52	51	47	3	0	0	0	0	0	0	8	0	31	47	83	15	182	88	112	341	1144	4715	27883	0	0
LFQ	109	0	0	0	0	0	0	0	0	0	0	0	0	0	0	59	23	98	42	95	38	5	0	0	0	1	0	0	12	0	37	59	87	23	175	100	124	348	1092	4704	27462	0	0
LFQ	110	0	0	0	0	0	0	0	0	0	0	0	0	0	1	70	29	98	43	87	35	2	0	0	0	0	0	1	6	0	36	52	77	28	187	63	114	315	1063	4688	27204	0	0
LFQ	111	0	0	0	0	0	0	0	0	0	0	0	0	0	1	64	22	90	45	47	75	0	0	0	0	0	0	1	15	0	29	56	90	19	192	73	121	381	1102	4565	26826	0	0
LFQ	112	0	0	0	0	0	0	0	0	0	0	0	0	1	2	71	17	93	52	70	33	0	0	0	0	0	0	0	10	0	33	57	71	26	172	84	122	330	1013	4782	26374	0	0
LFQ	113	0	0	0	0	0	0	0	0	0	0	0	0	1	1	61	20	100	60	66	34	1	0	0	0	0	0	0	13	0	41	53	70	25	218	69	115	293	978	4600	26202	0	0
LFQ	114	0	0	0	0	0	0	0	0	0	0	0	0	1	1	57	26	103	46	71	45	1	0	0	0	0	0	1	12	0	41	72	58	22	184	76	110	284	1012	4415	25985	0	0
LFQ	115	0	0	0	0	0	0	0	0	0	0	0	0	2	1	71	37	78	56	68	38	0	0	0	0	0	0	1	21	0	35	55	59	27	184	83	113	301	1017	3970	26061	0	0
LFQ	116	0	0	0	0	0	0	0	0	0	0	0	0	0	1	77	35	85	54	78	31	0	0	0	0	0	0	1	9	0	36	55	63	19	173	78	117	263	978	3983	25795	0	0
LFQ	117	0	0	0	0	0	0	0	0	0	0	0	0	1	1	65	35	95	58	59	34	0	0	0	0	0	0	0	12	3	36	69	43	21	174	90	96	264	1015	3939	25459	0	0
LFQ	118	0	0	0	0	0	0	0	0	0	0	0	0	2	0	67	39	72	57	51	30	0	0	0	0	1	0	0	24	4	24	63	59	14	155	81	118	263	924	3779	25325	0	0
LFQ	119	0	0	0	0	0	0	0	0	0	0	0	0	3	1	64	27	77	61	78	31	0	0	0	0	0	0	1	22	0	37	51	63	24	174	92	120	263	874	3979	24700	0	0
LFQ	120	0	0	0	0	0	0	0	0	0	0	0	0	1	1	81	66	81	58	46	29	0	0	0	0	0	0	1	25	1	37	76	53	17	159	70	93	237	898	3744	24568	0	0
LFQ	121	0	0	0	0	0	0	0	0	0	0	0	0	2	3	64	29	83	56	56	40	0	0	0	0	0	0	0	24	3	35	62	43	19	179	77	107	258	986	3860	23984	0	0
LFQ	122	0	0	0	0	0	0	0	0	0	0	0	0	1	3	71	47	68	42	35	36	0	0	0	0	0	0	0	28	3	43	55	61	13	154	74	108	244	838	3754	23927	0	0
LFQ	123	0	0	0	0	0	0	0	0	0	0	0	0	5	5	73	42	72	62	42	41	0	0	0	0	0	0	1	16	3	32	50	49	21	161	87	97	243	898	3844	23394	0	0
LFQ	124	0	0	0	0	0	0	0	0	0	0	0	0	2	5	73	52	78	45	49	29	0	0	0	0	1	0	0	25	2	39	56	36	22	162	73	106	228	833	3677	23277	0	0
LFQ	125	0	0	0	0	0	0	0	0	0	0	0	0	3	7	86	28	99	51	59	28	0	0	0	0	0	0	0	26	3	37	58	42	19	173	81	96	256	888	3673	22784	0	0
LFQ	126	0	0	0	0	0	0	0	0	0	0	0	0	3	7	83	28	93	53	46	18	0	0	0	0	1	0	0	35	0	39	76	28	30	137	58	110	258	801	3925	22332	0	0
LFQ	127	0	0	0	0	0	0	0	0	0	0	0	0	1	12	99	38	106	63	65	36	0	0	0	0	0	0	0	32	4	33	74	49	17	149	88	111	249	909	4036	21288	331	0
LFQ	128	0	0	0	0	0	0	0	0	0	0	0	0	5	9	84	39	91	83	35	32	0	0	0	0	0	0	0	36	3	41	76	31	31	141	85	117	214	794	3939	21288	287	0
LFQ	129	0	0	0	0	0	0	0	0	0	0	0	0	8	10	95	39	97	51	39	32	0	0	0	0	0	0	0	23	3	33	59	31	23	158	88	88	207	803	3824	21027	364	0
LFQ	130	0	0	0	0	0	0	0	0	0	0	0	0	9	11	79	38	113	66	42	28	0	0	0	0	0	0	0	46	5	38	54	29	15	141	79	98	200	803	3674	20921	304	0
LFQ	131	0	0	0	0	0	0	0	0	0	0	0	0	8	14	68	51	111	49	33	24	0	0	0	0	1	0	1	30	3	40	66	34	20	125	65	122	218	747	3429	20843	312	0
LFQ	132	0	0	0	0	0	0	0	0	0	0	0	0	4	18	73	59	103	50	32	26	0	0	0	0	0	0	0	47	4	33	61	29	21	126	94	104	187	773	3449	20531	269	0
LFQ	133	0	0	0	0	0	0	0	0	0	0	0	0	9	21	91	51	105	45	37	29	0	0	0	0	0	0	0	50	7	30	76	38	17	135	94	115	211	801	3470	20059	257	0
LFQ	134	0	0	0	0	0	0	0	0	0	0	0	0	8	15	84	46	117	45	38	18	0	0	0	0	0	0	2	48	5	47	79	30	9	117	99	100	163	719	3398	20003	246	0
LFQ	135	0	0	0	0	0	0	0	0	0	0	0	0	15	25	75	54	133	58	34	34	0	0	0	0	0	0	0	50	7	43	64	22	12	137	76	91	189	790	3357	19625	220	0
LFQ	136	0	0	0	0	0	0	0	0	0	0	0	0	19	26	67	67	130	39	32	36	0	0	0	0	1	0	1	42	7	37	59	29	20	140	73	100	193	777	3307	19298	248	0
LFQ	137	0	0	0	0	0	0	0	0	0	0	0	0	21	36	72	52	119	66	30	29	0	0	0	0	0	1	1	45	6	47	64	15	13	150	71	91	180	731	3246	19080	259	0
LFQ	138	0	0	0	0	0	0	0	0	0	0	0	0	25	32	81	97	134	58	72	50	0	0	0	0	0	0	1	45	5	39	85	24	18	179	73	134	204	887	3292	18320	195	0
LFQ	139	0	0	0	0	0	0	0	0	0	0	0	0	22	38	63	56	122	49	27	23	0	0	0	0	0	0	1	50	9	32	76	20	15	152	75	110	166	811	3163	18493	160	0
LFQ	140	0	0	0	0	0	0	0	0	0	0	0	0	17	31	75	60	131	41	25	16	0	0	0	0	1	1	0	50	17	37	81	14	27	108	84	81	130	715	3115	18381	147	0
LFQ	141	0	0	0	0	0	0	0	0	0	0	0	0	12	36	64	68	129	56	20	19	0	0	0	0	1	2	0	51	8	39	50	24	24	128	62	84	134	634	2938	18312	152	0
LFQ	142	0	0	0	0	0	0	0	0	0	0	0	0	17	27	78	65	152	36	26	20	0	0	0	0	0	5	0	54	14	38	70	17	31	105	91	87	139	664	3063	17834	125	0
LFQ	143	0	0	0	0	0	0	0	0	0	0	0	0	18	34	62	75	145	38	18	19	0	0	0	0	0	1	4	61	13	29	48	9	20	103	85	98	129	660	2662	17952	135	0
LFQ	144	0	0	0	0	0	0	0	0	0	0	0	0	22	35	53	70	158	39	23	18	0	0	0	0	1	3	2	59	9	43	60	16	21	112	82	105	147	717	2782	17418	98	0
LFQ	145	0	0	0	0	0	0	0	0	0	0	0	0	27	37	63	78	128	36	22	17	0	0	0	0	0	2	1	51	11	32	52	16	12	105	58	67	146	652	2876	17236	69	0
LFQ	146	0	0	0	0	0	0	0	0	0	0	0	0	27	40	54	82	138	30	24	13	0	0	0	0	0	0	2	73	11	28	57	18	17	90	69	100	117	582	2767	17024	67	0
LFQ	147	0	0	0	0	0	0	0	0	0	0	0	0	30	43	48	101	152	44	37	13	0	0	0	0	0	2	9	66	6	27	56	22	17	131	81	117	142	696	2790	16393	44	0
LFQ	148	0	0	0	0	0	0	0	0	0	0	0	0	36	39	52	100	129	40	17	8	0	0	0	0	0	5	2	67	17	38	50	25	21	104	93	108	117	580	2781	16147	44	0
LFQ	149	0	0	0	0	0	0	0	0	0	0	0	0	26	56	51	93	124	39	22	14	0	0	0	0	0	2	3	85	13	36	44	26	8	96	79	104	113	537	2550	15694	47	0
LFQ	150	0	0	0	0	0	0	0	0	0	0	0	0	35	39	47	98	108	34	17	12	0	0	0	0	0	4	3	65	15	30	37	40	21	86	71	70	98	508	2451	14471	31	0
LFQ	151	0	0	0	0	0	0	0	0	0	0	0	0	11	33	38	83	86	52	31	21	0	0	0	0	0	4	2	59	6	29	61	25	23	141	79	155	155	977	2249	7919	2	0
# GC Content of first fragments. Use `grep ^GCF | cut -f 2-` to extract this part.
GCF	1.26	631
GCF	10.05	0
GCF	18.09	1
GCF	18.84	3
GCF	19.35	5
GCF	20.35	7
GCF	21.36	15
GCF	21.86	27
GCF	22.36	35
GCF	22.86	51
GCF	23.37	53
GCF	23.87	49
GCF	24.37	70
GCF	24.87	103
GCF	25.38	135
GCF	25.88	204
GCF	26.38	246
GCF	26.88	326
GCF	27.39	407
GCF	27.89	456
GCF	28.39	579
GCF	28.89	760
GCF	29.40	940
GCF	29.90	1102
GCF	30.40	1311
GCF	30.90	1464
GCF	31.41	1818
GCF	31.91	2095
GCF	32.41	2489
GCF	32.91	2870
GCF	33.42	3227
GCF	33.92	3566
GCF	34.42	3959
GCF	34.92	4385
GCF	35.43	4493
GCF	35.93	4734
GCF	36.43	4719
GCF	36.93	4715
GCF	37.44	4820
GCF	37.94	4688
GCF	38.44	4425
GCF	38.94	4437
GCF	39.45	4299
GCF	39.95	4302
GCF	40.45	4084
GCF	40.95	3770
GCF	41.46	3386
GCF	41.96	3006
GCF	42.46	2591
GCF	42.96	2370
GCF	43.47	2158
GCF	43.97	1961
GCF	44.47	1831
GCF	44.97	1578
GCF	45.48	1476
GCF	45.98	1372
GCF	46.48	1339
GCF	46.98	1174
GCF	47.49	1035
GCF	47.99	1014
GCF	48.49	1013
GCF	49.25	909
GCF	50.00	793
GCF	50.50	860
GCF	51.01	683
GCF	51.51	502
GCF	52.01	430
GCF	52.51	277
GCF	53.02	199
GCF	53.52	168
GCF	54.02	157
GCF	54.52	121
GCF	55.03	98
GCF	55.53	78
GCF	56.03	58
GCF	56.53	50
GCF	57.04	49
GCF	57.54	44
GCF	58.04	37
GCF	58.54	27
GCF	59.05	17
GCF	59.55	11
GCF	60.05	7
GCF	60.55	6
GCF	61.06	7
GCF	61.56	6
GCF	62.06	4
GCF	62.56	2
GCF	64.07	1
GCF	69.35	0
GCF	73.62	1
# GC Content of last fragments. Use `grep ^GCL | cut -f 2-` to extract this part.
GCL	1.26	624
GCL	10.30	0
GCL	18.34	1
GCL	18.84	3
GCL	19.35	5
GCL	20.35	8
GCL	21.36	11
GCL	21.86	24
GCL	22.36	31
GCL	22.86	46
GCL	23.37	49
GCL	23.87	50
GCL	24.37	69
GCL	24.87	99
GCL	25.38	136
GCL	25.88	192
GCL	26.38	254
GCL	26.88	337
GCL	27.39	386
GCL	27.89	452
GCL	28.39	569
GCL	28.89	745
GCL	29.40	935
GCL	29.90	1084
GCL	30.40	1301
GCL	30.90	1430
GCL	31.41	1777
GCL	31.91	2125
GCL	32.41	2474
GCL	32.91	2822
GCL	33.42	3128
GCL	33.92	3519
GCL	34.42	3855
GCL	34.92	4198
GCL	35.43	4338
GCL	35.93	4794
GCL	36.43	4789
GCL	36.93	4763
GCL	37.44	4832
GCL	37.94	4626
GCL	38.44	4409
GCL	38.94	4400
GCL	39.45	4281
GCL	39.95	4334
GCL	40.45	4085
GCL	40.95	3846
GCL	41.46	3433
GCL	41.96	3079
GCL	42.46	2593
GCL	42.96	2419
GCL	43.47	2166
GCL	43.97	1950
GCL	44.47	1806
GCL	44.97	1578
GCL	45.48	1488
GCL	45.98	1370
GCL	46.48	1326
GCL	46.98	1187
GCL	47.49	1044
GCL	47.99	1034
GCL	48.49	1029
GCL	48.99	914
GCL	49.50	903
GCL	50.00	797
GCL	50.50	837
GCL	51.01	710
GCL	51.51	518
GCL	52.01	405
GCL	52.51	264
GCL	53.02	199
GCL	53.52	170
GCL	54.02	155
GCL	54.52	123
GCL	55.03	98
GCL	55.53	76
GCL	56.03	52
GCL	56.78	45
GCL	57.54	39
GCL	58.04	36
GCL	58.54	28
GCL	59.05	20
GCL	59.55	14
GCL	60.05	9
GCL	60.55	8
GCL	61.06	7
GCL	61.56	5
GCL	62.06	3
GCL	63.82	1
# ACGT content per cycle. Use `grep ^GCC | cut -f 2-` to extract this part. The columns are: cycle; A,C,G,T base counts as a percentage of all A/C/G/T bases [%]; and N and O counts as a percentage of all A/C/G/T bases [%]
GCC	1	28.04	36.35	20.47	15.15	1.06	0.00
GCC	2	22.70	14.66	14.61	48.03	1.06	0.00
GCC	3	31.09	19.98	14.59	34.33	1.06	0.00
GCC	4	35.28	19.93	16.10	28.69	1.06	0.00
GCC	5	35.34	17.49	18.61	28.56	1.06	0.00
GCC	6	36.34	17.25	20.40	26.01	1.06	0.00
GCC	7	32.52	18.29	19.02	30.18	1.06	0.00
GCC	8	28.37	21.01	16.84	33.77	1.06	0.00
GCC	9	27.16	20.30	17.64	34.90	1.06	0.00
GCC	10	31.44	18.55	19.12	30.89	1.06	0.00
GCC	11	30.32	20.70	20.48	28.50	1.06	0.00
GCC	12	30.12	19.16	18.91	31.81	1.06	0.00
GCC	13	29.89	18.53	20.01	31.57	1.06	0.00
GCC	14	30.19	19.76	18.83	31.22	1.06	0.00
GCC	15	29.99	21.05	19.06	29.89	1.06	0.00
GCC	16	31.42	19.82	18.27	30.48	1.06	0.00
GCC	17	31.70	18.41	18.62	31.27	1.06	0.00
GCC	18	31.63	19.50	20.27	28.60	1.06	0.00
GCC	19	31.30	20.13	19.38	29.20	1.06	0.00
GCC	20	29.28	20.31	20.32	30.09	1.06	0.00
GCC	21	29.76	20.79	18.80	30.64	1.06	0.00
GCC	22	29.23	20.27	20.57	29.93	1.06	0.00
GCC	23	31.63	20.04	19.74	28.58	1.06	0.00
GCC	24	29.34	20.34	19.35	30.96	1.06	0.00
GCC	25	30.76	19.94	19.43	29.88	1.06	0.00
GCC	26	30.18	19.25	18.08	32.48	1.06	0.00
GCC	27	30.11	18.85	19.26	31.79	1.06	0.00
GCC	28	30.28	18.78	19.21	31.72	1.06	0.00
GCC	29	31.73	18.17	20.05	30.05	1.06	0.00
GCC	30	31.75	18.39	19.45	30.41	1.06	0.00
GCC	31	31.61	17.56	20.21	30.63	1.06	0.00
GCC	32	31.19	17.95	18.52	32.34	1.06	0.00
GCC	33	31.04	18.91	18.99	31.06	1.06	0.00
GCC	34	31.65	18.98	19.01	30.36	1.06	0.00
GCC	35	32.02	18.50	19.17	30.31	1.06	0.00
GCC	36	30.84	18.26	20.67	30.23	0.00	0.00
GCC	37	31.16	18.80	18.11	31.93	0.00	0.00
GCC	38	31.54	18.17	17.99	32.30	0.00	0.00
GCC	39	30.96	19.81	19.45	29.78	0.00	0.00
GCC	40	30.03	18.54	19.80	31.63	0.00	0.00
GCC	41	30.74	18.29	19.29	31.67	0.00	0.00
GCC	42	30.15	19.05	19.73	31.07	0.00	0.00
GCC	43	31.21	19.51	18.17	31.12	0.00	0.00
GCC	44	30.92	19.17	19.96	29.95	0.00	0.00
GCC	45	29.95	17.63	20.17	32.25	0.00	0.00
GCC	46	30.94	18.61	20.02	30.43	0.00	0.00
GCC	47	30.91	18.53	19.34	31.21	0.00	0.00
GCC	48	31.33	18.98	19.52	30.17	0.00	0.00
GCC	49	30.88	18.31	18.95	31.86	0.00	0.00
GCC	50	29.60	19.07	19.03	32.30	0.00	0.00
GCC	51	30.80	17.91	20.18	31.11	0.00	0.00
GCC	52	30.95	19.09	19.44	30.51	0.00	0.00
GCC	53	29.54	20.19	19.54	30.73	0.00	0.00
GCC	54	32.80	19.26	18.15	29.79	0.00	0.00
GCC	55	31.92	19.06	18.59	30.43	0.00	0.00
GCC	56	30.32	18.42	18.76	32.50	0.00	0.00
GCC	57	31.08	18.41	19.04	31.46	0.00	0.00
GCC	58	30.45	21.04	17.95	30.56	0.00	0.00
GCC	59	32.95	19.23	17.91	29.91	0.00	0.00
GCC	60	31.70	19.52	17.40	31.38	0.00	0.00
GCC	61	31.58	18.36	19.79	30.27	0.00	0.00
GCC	62	29.91	19.67	19.52	30.91	0.00	0.00
GCC	63	30.84	19.73	19.34	30.09	0.00	0.00
GCC	64	30.89	19.30	19.55	30.26	0.00	0.00
GCC	65	30.57	19.18	19.53	30.73	0.00	0.00
GCC	66	30.20	19.82	18.40	31.58	0.00	0.00
GCC	67	31.52	20.10	19.14	29.24	0.00	0.00
GCC	68	31.35	18.60	19.83	30.22	0.00	0.00
GCC	69	30.82	18.45	19.75	30.98	0.00	0.00
GCC	70	31.31	18.29	19.80	30.61	0.00	0.00
GCC	71	29.43	19.11	19.74	31.72	0.00	0.00
GCC	72	30.79	20.03	18.29	30.88	0.00	0.00
GCC	73	30.07	19.18	18.48	32.27	0.00	0.00
GCC	74	30.87	19.02	19.00	31.11	0.00	0.00
GCC	75	30.16	19.36	19.42	31.06	0.00	0.00
GCC	76	31.04	18.23	20.27	30.46	0.00	0.00
GCC	77	29.76	19.95	19.67	30.62	0.00	0.00
GCC	78	29.39	20.74	19.15	30.73	0.00	0.00
GCC	79	29.68	20.06	17.67	32.60	0.00	0.00
GCC	80	31.38	18.78	19.16	30.68	0.00	0.00
GCC	81	30.19	19.21	18.85	31.75	0.00	0.00
GCC	82	30.98	19.38	19.34	30.31	0.00	0.00
GCC	83	32.16	17.33	18.72	31.80	0.00	0.00
GCC	84	31.61	18.83	19.01	30.56	0.00	0.00
GCC	85	29.11	19.30	20.11	31.49	0.00	0.00
GCC	86	31.27	17.48	19.38	31.87	0.00	0.00
GCC	87	30.29	19.30	18.68	31.73	0.00	0.00
GCC	88	30.84	19.82	18.51	30.83	0.00	0.00
GCC	89	30.43	18.73	19.49	31.35	0.00	0.00
GCC	90	31.44	19.67	18.93	29.96	0.00	0.00
GCC	91	32.33	18.69	19.95	29.04	0.00	0.00
GCC	92	30.78	20.00	19.07	30.15	0.00	0.00
GCC	93	31.72	19.55	18.94	29.78	0.00	0.00
GCC	94	31.04	19.22	19.19	30.55	0.00	0.00
GCC	95	31.80	19.33	18.67	30.21	0.00	0.00
GCC	96	30.99	19.42	19.83	29.75	0.00	0.00
GCC	97	31.62	18.76	19.22	30.39	0.00	0.00
GCC	98	31.82	19.50	19.13	29.55	0.00	0.00
GCC	99	29.96	18.41	19.87	31.76	0.00	0.00
GCC	100	31.49	19.10	19.11	30.31	0.00	0.00
GCC	101	31.58	19.84	19.16	29.43	0.00	0.00
GCC	102	32.44	18.69	18.57	30.31	0.00	0.00
GCC	103	30.57	18.88	19.81	30.74	0.00	0.00
GCC	104	30.31	19.13	20.85	29.72	0.00	0.00
GCC	105	31.12	18.62	19.35	30.90	0.00	0.00
GCC	106	30.88	18.34	20.20	30.58	0.00	0.00
GCC	107	30.02	19.56	19.60	30.82	0.00	0.00
GCC	108	30.17	18.63	20.85	30.35	0.00	0.00
GCC	109	29.31	20.11	21.43	29.15	0.00	0.00
GCC	110	31.51	18.59	19.31	30.59	0.00	0.00
GCC	111	30.63	18.54	19.08	31.75	0.00	0.00
GCC	112	30.90	18.19	18.96	31.95	0.00	0.00
GCC	113	29.64	18.61	19.52	32.24	0.00	0.00
GCC	114	30.32	19.23	19.99	30.46	0.00	0.00
GCC	115	32.04	19.33	18.67	29.95	0.00	0.00
GCC	116	31.97	18.17	18.56	31.30	0.00	0.00
GCC	117	31.79	19.05	19.22	29.93	0.00	0.00
GCC	118	31.38	17.44	20.58	30.60	0.00	0.00
GCC	119	29.89	18.93	20.13	31.04	0.00	0.00
GCC	120	30.55	18.04	19.67	31.74	0.00	0.00
GCC	121	30.58	19.34	18.98	31.11	0.00	0.00
GCC	122	30.25	19.99	18.43	31.32	0.00	0.00
GCC	123	30.35	18.85	20.75	30.05	0.00	0.00
GCC	124	31.50	17.15	20.96	30.38	0.00	0.00
GCC	125	31.47	18.82	19.27	30.44	0.00	0.00
GCC	126	30.02	19.84	19.36	30.78	0.00	0.00
GCC	127	31.70	17.89	18.86	31.55	0.00	0.00
GCC	128	28.85	20.63	20.07	30.46	0.00	0.00
GCC	129	32.34	17.87	18.83	30.96	0.00	0.00
GCC	130	29.55	20.20	20.14	30.10	0.00	0.00
GCC	131	31.68	19.48	18.44	30.40	0.00	0.00
GCC	132	30.82	19.96	20.06	29.17	0.00	0.00
GCC	133	30.48	19.69	18.67	31.15	0.00	0.00
GCC	134	30.43	19.11	20.04	30.42	0.00	0.00
GCC	135	31.72	18.04	19.00	31.24	0.00	0.00
GCC	136	31.80	17.09	18.68	32.43	0.00	0.00
GCC	137	30.35	20.25	19.01	30.39	0.00	0.00
GCC	138	30.30	18.74	20.76	30.21	0.00	0.00
GCC	139	29.47	19.40	20.37	30.76	0.00	0.00
GCC	140	30.38	18.79	20.25	30.59	0.00	0.00
GCC	141	32.22	19.26	18.86	29.66	0.00	0.00
GCC	142	31.18	20.27	17.89	30.67	0.00	0.00
GCC	143	31.29	19.56	18.44	30.71	0.00	0.00
GCC	144	31.85	18.44	19.24	30.47	0.00	0.00
GCC	145	31.85	18.55	20.60	28.99	0.00	0.00
GCC	146	34.03	17.58	18.98	29.41	0.00	0.00
GCC	147	29.27	20.79	19.18	30.77	0.00	0.00
GCC	148	32.10	19.08	19.69	29.13	0.00	0.00
GCC	149	29.53	19.64	19.64	31.18	0.00	0.00
GCC	150	26.91	20.83	17.97	34.29	0.00	0.00
GCC	151	0.00	30.59	21.23	48.17	0.00	0.00
# ACGT content per cycle for first fragments. Use `grep ^FBC | cut -f 2-` to extract this part. The columns are: cycle; A,C,G,T base counts as a percentage of all A/C/G/T bases [%]; and N and O counts as a percentage of all A/C/G/T bases [%]
FBC	1	27.92	36.76	20.38	14.93	1.07	0.00
FBC	2	22.81	14.66	14.45	48.08	1.07	0.00
FBC	3	31.09	20.05	14.60	34.27	1.07	0.00
FBC	4	35.38	19.96	15.98	28.69	1.07	0.00
FBC	5	35.21	17.55	18.66	28.58	1.07	0.00
FBC	6	36.25	17.18	20.51	26.06	1.07	0.00
FBC	7	32.24	18.45	19.04	30.28	1.07	0.00
FBC	8	28.64	21.01	16.62	33.73	1.07	0.00
FBC	9	27.14	20.40	17.62	34.84	1.07	0.00
FBC	10	31.32	18.53	19.25	30.90	1.07	0.00
FBC	11	30.51	20.76	20.43	28.29	1.07	0.00
FBC	12	30.32	18.99	18.80	31.90	1.07	0.00
FBC	13	29.98	18.50	20.17	31.35	1.07	0.00
FBC	14	30.16	19.83	18.76	31.25	1.07	0.00
FBC	15	30.11	21.08	19.12	29.68	1.07	0.00
FBC	16	31.60	19.92	18.28	30.20	1.07	0.00
FBC	17	31.94	18.32	18.46	31.28	1.07	0.00
FBC	18	31.60	19.58	20.33	28.49	1.07	0.00
FBC	19	31.58	19.98	19.41	29.04	1.07	0.00
FBC	20	29.51	20.20	20.41	29.89	1.07	0.00
FBC	21	29.74	20.89	18.74	30.62	1.07	0.00
FBC	22	29.22	20.31	20.67	29.79	1.07	0.00
FBC	23	31.63	19.99	19.80	28.58	1.07	0.00
FBC	24	29.43	20.40	19.28	30.89	1.07	0.00
FBC	25	30.48	19.99	19.52	30.00	1.07	0.00
FBC	26	30.28	19.20	18.15	32.36	1.07	0.00
FBC	27	29.98	18.79	19.32	31.91	1.07	0.00
FBC	28	30.25	18.74	19.17	31.84	1.07	0.00
FBC	29	31.64	18.37	20.19	29.81	1.07	0.00
FBC	30	31.69	18.54	19.40	30.37	1.07	0.00
FBC	31	31.77	17.45	20.17	30.62	1.07	0.00
FBC	32	31.30	18.17	18.42	32.10	1.07	0.00
FBC	33	31.12	18.97	18.81	31.10	1.07	0.00
FBC	34	31.61	19.05	18.96	30.38	1.07	0.00
FBC	35	32.06	18.57	19.20	30.17	1.07	0.00
FBC	36	30.63	18.30	20.88	30.19	0.00	0.00
FBC	37	31.77	18.62	17.99	31.62	0.00	0.00
FBC	38	31.67	18.07	18.09	32.17	0.00	0.00
FBC	39	31.07	19.75	19.54	29.64	0.00	0.00
FBC	40	30.30	18.35	19.70	31.66	0.00	0.00
FBC	41	30.80	18.44	19.34	31.42	0.00	0.00
FBC	42	30.27	19.12	19.72	30.88	0.00	0.00
FBC	43	31.23	19.48	18.21	31.09	0.00	0.00
FBC	44	30.81	19.18	20.03	29.99	0.00	0.00
FBC	45	30.04	17.50	20.09	32.38	0.00	0.00
FBC	46	31.09	18.58	20.17	30.16	0.00	0.00
FBC	47	30.80	18.79	19.39	31.02	0.00	0.00
FBC	48	31.43	19.13	19.31	30.13	0.00	0.00
FBC	49	30.98	18.27	19.01	31.73	0.00	0.00
FBC	50	29.67	18.97	18.90	32.46	0.00	0.00
FBC	51	30.94	17.85	20.25	30.96	0.00	0.00
FBC	52	31.06	19.19	19.23	30.52	0.00	0.00
FBC	53	29.61	20.22	19.45	30.72	0.00	0.00
FBC	54	32.68	19.46	18.15	29.71	0.00	0.00
FBC	55	32.00	19.33	18.64	30.02	0.00	0.00
FBC	56	30.32	18.53	18.60	32.55	0.00	0.00
FBC	57	31.14	18.29	18.97	31.59	0.00	0.00
FBC	58	30.37	21.20	17.94	30.49	0.00	0.00
FBC	59	32.73	19.15	18.03	30.09	0.00	0.00
FBC	60	31.59	19.55	17.36	31.50	0.00	0.00
FBC	61	31.47	18.53	19.83	30.17	0.00	0.00
FBC	62	29.96	19.54	19.52	30.97	0.00	0.00
FBC	63	30.69	19.67	19.29	30.35	0.00	0.00
FBC	64	30.93	19.00	19.73	30.34	0.00	0.00
FBC	65	30.53	19.08	19.61	30.78	0.00	0.00
FBC	66	30.26	19.87	18.35	31.53	0.00	0.00
FBC	67	31.67	19.92	19.13	29.28	0.00	0.00
FBC	68	31.47	18.46	19.89	30.18	0.00	0.00
FBC	69	30.89	18.22	19.88	31.01	0.00	0.00
FBC	70	31.11	18.42	19.78	30.69	0.00	0.00
FBC	71	29.79	18.92	19.73	31.55	0.00	0.00
FBC	72	30.79	20.11	18.28	30.83	0.00	0.00
FBC	73	30.12	18.99	18.59	32.29	0.00	0.00
FBC	74	30.95	18.98	18.97	31.10	0.00	0.00
FBC	75	30.65	19.27	19.39	30.70	0.00	0.00
FBC	76	31.33	18.18	20.35	30.14	0.00	0.00
FBC	77	29.72	19.98	19.64	30.67	0.00	0.00
FBC	78	29.45	20.56	19.28	30.71	0.00	0.00
FBC	79	29.66	20.04	17.74	32.56	0.00	0.00
FBC	80	31.18	18.92	19.15	30.75	0.00	0.00
FBC	81	30.31	18.96	18.67	32.06	0.00	0.00
FBC	82	31.14	19.17	19.55	30.14	0.00	0.00
FBC	83	32.47	17.06	18.72	31.75	0.00	0.00
FBC	84	31.64	18.64	19.09	30.63	0.00	0.00
FBC	85	29.08	19.36	20.15	31.42	0.00	0.00
FBC	86	31.21	17.45	19.55	31.79	0.00	0.00
FBC	87	30.28	19.07	19.05	31.60	0.00	0.00
FBC	88	30.70	19.87	18.59	30.84	0.00	0.00
FBC	89	30.30	18.90	19.29	31.50	0.00	0.00
FBC	90	31.40	19.46	18.94	30.20	0.00	0.00
FBC	91	32.34	18.49	20.07	29.10	0.00	0.00
FBC	92	30.97	19.95	18.97	30.11	0.00	0.00
FBC	93	31.70	19.42	19.10	29.78	0.00	0.00
FBC	94	31.08	19.30	19.19	30.43	0.00	0.00
FBC	95	31.62	19.18	18.96	30.25	0.00	0.00
FBC	96	31.13	19.32	19.89	29.66	0.00	0.00
FBC	97	32.00	18.52	19.35	30.12	0.00	0.00
FBC	98	31.65	19.43	19.41	29.51	0.00	0.00
FBC	99	30.04	18.11	19.90	31.94	0.00	0.00
FBC	100	31.51	19.10	19.16	30.23	0.00	0.00
FBC	101	31.58	19.98	19.00	29.44	0.00	0.00
FBC	102	32.63	18.35	18.53	30.50	0.00	0.00
FBC	103	30.60	18.86	19.87	30.67	0.00	0.00
FBC	104	30.17	19.00	21.26	29.57	0.00	0.00
FBC	105	31.23	18.29	19.29	31.18	0.00	0.00
FBC	106	30.62	18.46	20.42	30.50	0.00	0.00
FBC	107	30.58	19.31	19.12	30.98	0.00	0.00
FBC	108	30.02	18.42	20.90	30.66	0.00	0.00
FBC	109	29.04	19.94	21.52	29.49	0.00	0.00
FBC	110	31.52	18.41	19.41	30.67	0.00	0.00
FBC	111	30.42	18.45	19.03	32.11	0.00	0.00
FBC	112	30.97	18.04	19.13	31.86	0.00	0.00
FBC	113	29.63	18.49	19.83	32.05	0.00	0.00
FBC	114	30.60	19.02	19.91	30.47	0.00	0.00
FBC	115	32.25	19.10	18.85	29.80	0.00	0.00
FBC	116	31.92	17.88	18.52	31.68	0.00	0.00
FBC	117	31.81	18.83	19.37	29.99	0.00	0.00
FBC	118	31.17	17.49	20.72	30.63	0.00	0.00
FBC	119	29.86	18.63	20.40	31.11	0.00	0.00
FBC	120	30.26	17.74	20.05	31.95	0.00	0.00
FBC	121	30.57	19.13	19.28	31.02	0.00	0.00
FBC	122	30.31	19.65	18.44	31.60	0.00	0.00
FBC	123	30.42	18.60	20.98	29.99	0.00	0.00
FBC	124	31.73	16.64	21.11	30.51	0.00	0.00
FBC	125	31.52	18.47	19.24	30.78	0.00	0.00
FBC	126	30.30	19.31	19.76	30.62	0.00	0.00
FBC	127	31.49	17.97	19.15	31.38	0.00	0.00
FBC	128	28.84	20.21	20.38	30.56	0.00	0.00
FBC	129	32.31	17.65	19.20	30.84	0.00	0.00
FBC	130	29.52	20.08	20.22	30.18	0.00	0.00
FBC	131	31.69	19.38	18.49	30.44	0.00	0.00
FBC	132	30.96	19.99	19.85	29.21	0.00	0.00
FBC	133	30.60	19.72	18.65	31.04	0.00	0.00
FBC	134	30.40	19.11	20.00	30.49	0.00	0.00
FBC	135	31.59	17.79	19.40	31.22	0.00	0.00
FBC	136	31.42	17.05	18.87	32.67	0.00	0.00
FBC	137	30.15	19.95	19.11	30.79	0.00	0.00
FBC	138	30.20	18.38	21.08	30.34	0.00	0.00
FBC	139	29.33	19.07	20.71	30.89	0.00	0.00
FBC	140	30.29	18.82	20.55	30.33	0.00	0.00
FBC	141	32.33	19.18	18.94	29.54	0.00	0.00
FBC	142	30.85	20.01	18.03	31.11	0.00	0.00
FBC	143	31.16	19.52	18.61	30.70	0.00	0.00
FBC	144	31.64	18.42	19.47	30.46	0.00	0.00
FBC	145	31.67	18.09	20.57	29.68	0.00	0.00
FBC	146	34.26	16.95	19.28	29.51	0.00	0.00
FBC	147	29.74	20.34	19.58	30.34	0.00	0.00
FBC	148	32.27	18.78	19.78	29.18	0.00	0.00
FBC	149	29.62	19.35	20.04	30.98	0.00	0.00
FBC	150	26.98	20.49	18.19	34.34	0.00	0.00
FBC	151	0.00	30.34	21.32	48.34	0.00	0.00
# ACGT raw counters for first fragments. Use `grep ^FTC | cut -f 2-` to extract this part. The columns are: A,C,G,T,N base counters
FTC	2068514	1289024	1289836	2067409	22086
# ACGT content per cycle for last fragments. Use `grep ^LBC | cut -f 2-` to extract this part. The columns are: cycle; A,C,G,T base counts as a percentage of all A/C/G/T bases [%]; and N and O counts as a percentage of all A/C/G/T bases [%]
LBC	1	28.16	35.93	20.55	15.36	1.06	0.00
LBC	2	22.59	14.66	14.76	47.98	1.06	0.00
LBC	3	31.10	19.92	14.59	34.40	1.06	0.00
LBC	4	35.18	19.90	16.23	28.69	1.06	0.00
LBC	5	35.47	17.43	18.57	28.54	1.06	0.00
LBC	6	36.43	17.33	20.29	25.96	1.06	0.00
LBC	7	32.80	18.13	18.99	30.08	1.06	0.00
LBC	8	28.11	21.02	17.06	33.81	1.06	0.00
LBC	9	27.18	20.20	17.66	34.96	1.06	0.00
LBC	10	31.57	18.58	18.98	30.88	1.06	0.00
LBC	11	30.13	20.64	20.52	28.70	1.06	0.00
LBC	12	29.93	19.34	19.01	31.72	1.06	0.00
LBC	13	29.79	18.57	19.85	31.79	1.06	0.00
LBC	14	30.21	19.70	18.90	31.19	1.06	0.00
LBC	15	29.87	21.02	19.00	30.11	1.06	0.00
LBC	16	31.25	19.73	18.26	30.76	1.06	0.00
LBC	17	31.46	18.50	18.78	31.26	1.06	0.00
LBC	18	31.66	19.42	20.21	28.71	1.06	0.00
LBC	19	31.01	20.29	19.34	29.36	1.06	0.00
LBC	20	29.06	20.42	20.23	30.29	1.06	0.00
LBC	21	29.79	20.68	18.87	30.66	1.06	0.00
LBC	22	29.23	20.23	20.48	30.06	1.06	0.00
LBC	23	31.64	20.10	19.69	28.57	1.06	0.00
LBC	24	29.25	20.29	19.43	31.03	1.06	0.00
LBC	25	31.03	19.88	19.33	29.75	1.06	0.00
LBC	26	30.08	19.31	18.01	32.60	1.06	0.00
LBC	27	30.24	18.91	19.19	31.66	1.06	0.00
LBC	28	30.32	18.82	19.25	31.61	1.06	0.00
LBC	29	31.82	17.98	19.91	30.29	1.06	0.00
LBC	30	31.81	18.24	19.50	30.45	1.06	0.00
LBC	31	31.45	17.67	20.24	30.64	1.06	0.00
LBC	32	31.08	17.72	18.63	32.58	1.06	0.00
LBC	33	30.97	18.85	19.17	31.02	1.06	0.00
LBC	34	31.69	18.90	19.07	30.34	1.06	0.00
LBC	35	31.97	18.44	19.14	30.45	1.06	0.00
LBC	36	31.05	18.21	20.47	30.26	0.00	0.00
LBC	37	30.55	18.99	18.22	32.23	0.00	0.00
LBC	38	31.41	18.26	17.90	32.43	0.00	0.00
LBC	39	30.85	19.87	19.36	29.93	0.00	0.00
LBC	40	29.77	18.73	19.90	31.60	0.00	0.00
LBC	41	30.69	18.14	19.23	31.93	0.00	0.00
LBC	42	30.03	18.98	19.74	31.25	0.00	0.00
LBC	43	31.19	19.53	18.13	31.15	0.00	0.00
LBC	44	31.03	19.15	19.90	29.91	0.00	0.00
LBC	45	29.87	17.76	20.25	32.12	0.00	0.00
LBC	46	30.79	18.65	19.87	30.70	0.00	0.00
LBC	47	31.03	18.28	19.29	31.40	0.00	0.00
LBC	48	31.24	18.83	19.73	30.21	0.00	0.00
LBC	49	30.78	18.35	18.89	31.98	0.00	0.00
LBC	50	29.54	19.17	19.15	32.14	0.00	0.00
LBC	51	30.65	17.97	20.11	31.26	0.00	0.00
LBC	52	30.84	19.00	19.65	30.51	0.00	0.00
LBC	53	29.46	20.17	19.64	30.73	0.00	0.00
LBC	54	32.93	19.05	18.15	29.87	0.00	0.00
LBC	55	31.84	18.78	18.54	30.83	0.00	0.00
LBC	56	30.32	18.31	18.91	32.46	0.00	0.00
LBC	57	31.02	18.53	19.11	31.33	0.00	0.00
LBC	58	30.53	20.89	17.95	30.63	0.00	0.00
LBC	59	33.17	19.32	17.79	29.72	0.00	0.00
LBC	60	31.81	19.49	17.44	31.26	0.00	0.00
LBC	61	31.69	18.20	19.75	30.36	0.00	0.00
LBC	62	29.85	19.79	19.51	30.85	0.00	0.00
LBC	63	30.99	19.79	19.38	29.83	0.00	0.00
LBC	64	30.85	19.60	19.38	30.18	0.00	0.00
LBC	65	30.61	19.27	19.45	30.67	0.00	0.00
LBC	66	30.15	19.78	18.45	31.62	0.00	0.00
LBC	67	31.37	20.28	19.15	29.20	0.00	0.00
LBC	68	31.24	18.73	19.77	30.26	0.00	0.00
LBC	69	30.75	18.67	19.63	30.95	0.00	0.00
LBC	70	31.50	18.16	19.82	30.52	0.00	0.00
LBC	71	29.07	19.29	19.75	31.89	0.00	0.00
LBC	72	30.80	19.96	18.30	30.94	0.00	0.00
LBC	73	30.01	19.36	18.38	32.25	0.00	0.00
LBC	74	30.79	19.06	19.04	31.11	0.00	0.00
LBC	75	29.68	19.45	19.46	31.42	0.00	0.00
LBC	76	30.75	18.28	20.19	30.77	0.00	0.00
LBC	77	29.80	19.93	19.71	30.57	0.00	0.00
LBC	78	29.33	20.91	19.01	30.75	0.00	0.00
LBC	79	29.69	20.08	17.60	32.63	0.00	0.00
LBC	80	31.58	18.64	19.17	30.60	0.00	0.00
LBC	81	30.06	19.45	19.03	31.45	0.00	0.00
LBC	82	30.81	19.58	19.13	30.48	0.00	0.00
LBC	83	31.85	17.60	18.71	31.84	0.00	0.00
LBC	84	31.57	19.02	18.93	30.48	0.00	0.00
LBC	85	29.13	19.24	20.07	31.56	0.00	0.00
LBC	86	31.32	17.52	19.22	31.94	0.00	0.00
LBC	87	30.31	19.53	18.30	31.86	0.00	0.00
LBC	88	30.98	19.77	18.43	30.82	0.00	0.00
LBC	89	30.55	18.56	19.69	31.20	0.00	0.00
LBC	90	31.48	19.87	18.92	29.72	0.00	0.00
LBC	91	32.31	18.89	19.82	28.98	0.00	0.00
LBC	92	30.59	20.05	19.18	30.19	0.00	0.00
LBC	93	31.75	19.68	18.78	29.79	0.00	0.00
LBC	94	30.99	19.15	19.18	30.68	0.00	0.00
LBC	95	31.99	19.48	18.37	30.16	0.00	0.00
LBC	96	30.86	19.52	19.77	29.84	0.00	0.00
LBC	97	31.25	18.99	19.10	30.66	0.00	0.00
LBC	98	31.99	19.56	18.85	29.59	0.00	0.00
LBC	99	29.88	18.71	19.83	31.57	0.00	0.00
LBC	100	31.47	19.09	19.05	30.39	0.00	0.00
LBC	101	31.58	19.69	19.31	29.42	0.00	0.00
LBC	102	32.25	19.03	18.60	30.13	0.00	0.00
LBC	103	30.53	18.90	19.75	30.82	0.00	0.00
LBC	104	30.45	19.25	20.43	29.86	0.00	0.00
LBC	105	31.01	18.95	19.41	30.62	0.00	0.00
LBC	106	31.13	18.22	19.99	30.66	0.00	0.00
LBC	107	29.46	19.80	20.08	30.66	0.00	0.00
LBC	108	30.32	18.84	20.81	30.04	0.00	0.00
LBC	109	29.57	20.27	21.35	28.82	0.00	0.00
LBC	110	31.51	18.77	19.21	30.51	0.00	0.00
LBC	111	30.85	18.63	19.13	31.39	0.00	0.00
LBC	112	30.83	18.34	18.79	32.04	0.00	0.00
LBC	113	29.64	18.72	19.21	32.42	0.00	0.00
LBC	114	30.05	19.43	20.07	30.45	0.00	0.00
LBC	115	31.84	19.57	18.50	30.10	0.00	0.00
LBC	116	32.02	18.47	18.60	30.92	0.00	0.00
LBC	117	31.77	19.27	19.08	29.87	0.00	0.00
LBC	118	31.60	17.39	20.44	30.58	0.00	0.00
LBC	119	29.92	19.23	19.87	30.98	0.00	0.00
LBC	120	30.84	18.34	19.28	31.54	0.00	0.00
LBC	121	30.58	19.55	18.68	31.19	0.00	0.00
LBC	122	30.19	20.33	18.43	31.05	0.00	0.00
LBC	123	30.28	19.09	20.51	30.11	0.00	0.00
LBC	124	31.27	17.67	20.81	30.25	0.00	0.00
LBC	125	31.41	19.17	19.31	30.11	0.00	0.00
LBC	126	29.74	20.37	18.97	30.93	0.00	0.00
LBC	127	31.91	17.81	18.58	31.71	0.00	0.00
LBC	128	28.85	21.03	19.75	30.36	0.00	0.00
LBC	129	32.38	18.08	18.46	31.09	0.00	0.00
LBC	130	29.57	20.33	20.07	30.03	0.00	0.00
LBC	131	31.67	19.58	18.40	30.36	0.00	0.00
LBC	132	30.67	19.93	20.27	29.13	0.00	0.00
LBC	133	30.37	19.67	18.70	31.26	0.00	0.00
LBC	134	30.47	19.11	20.07	30.35	0.00	0.00
LBC	135	31.85	18.29	18.60	31.27	0.00	0.00
LBC	136	32.18	17.13	18.49	32.19	0.00	0.00
LBC	137	30.55	20.55	18.90	30.00	0.00	0.00
LBC	138	30.39	19.09	20.44	30.08	0.00	0.00
LBC	139	29.60	19.74	20.04	30.62	0.00	0.00
LBC	140	30.46	18.75	19.95	30.84	0.00	0.00
LBC	141	32.11	19.33	18.77	29.79	0.00	0.00
LBC	142	31.50	20.52	17.75	30.24	0.00	0.00
LBC	143	31.42	19.60	18.26	30.71	0.00	0.00
LBC	144	32.06	18.46	19.01	30.47	0.00	0.00
LBC	145	32.04	19.01	20.64	28.32	0.00	0.00
LBC	146	33.80	18.20	18.68	29.31	0.00	0.00
LBC	147	28.80	21.23	18.79	31.18	0.00	0.00
LBC	148	31.94	19.37	19.61	29.08	0.00	0.00
LBC	149	29.44	19.93	19.25	31.38	0.00	0.00
LBC	150	26.85	21.15	17.76	34.23	0.00	0.00
LBC	151	0.00	30.84	21.15	48.01	0.00	0.00
# ACGT raw counters for last fragments. Use `grep ^LTC | cut -f 2-` to extract this part. The columns are: A,C,G,T,N base counters
LTC	2070105	1299760	1288550	2076118	21840
# Insert sizes. Use `grep ^IS | cut -f 2-` to extract this part. The columns are: insert size, pairs total, inward oriented pairs, outward oriented pairs, other pairs
# Read lengths. Use `grep ^RL | cut -f 2-` to extract this part. The columns are: read length, count
RL	35	1524
RL	36	285
RL	37	362
RL	38	365
RL	39	423
RL	40	479
RL	41	491
RL	42	466
RL	43	456
RL	44	536
RL	45	553
RL	46	498
RL	47	499
RL	48	522
RL	49	564
RL	50	601
RL	51	581
RL	52	540
RL	53	603
RL	54	523
RL	55	617
RL	56	688
RL	57	586
RL	58	606
RL	59	595
RL	60	585
RL	61	690
RL	62	625
RL	63	666
RL	64	663
RL	65	677
RL	66	684
RL	67	676
RL	68	744
RL	69	707
RL	70	719
RL	71	673
RL	72	716
RL	73	664
RL	74	680
RL	75	790
RL	76	732
RL	77	732
RL	78	723
RL	79	739
RL	80	793
RL	81	815
RL	82	701
RL	83	765
RL	84	757
RL	85	773
RL	86	667
RL	87	733
RL	88	756
RL	89	787
RL	90	793
RL	91	832
RL	92	848
RL	93	845
RL	94	741
RL	95	755
RL	96	834
RL	97	680
RL	98	785
RL	99	845
RL	100	837
RL	101	870
RL	102	837
RL	103	776
RL	104	747
RL	105	780
RL	106	772
RL	107	777
RL	108	792
RL	109	771
RL	110	771
RL	111	803
RL	112	790
RL	113	798
RL	114	697
RL	115	699
RL	116	731
RL	117	838
RL	118	819
RL	119	806
RL	120	741
RL	121	723
RL	122	732
RL	123	735
RL	124	753
RL	125	684
RL	126	743
RL	127	663
RL	128	720
RL	129	618
RL	130	754
RL	131	643
RL	132	697
RL	133	622
RL	134	650
RL	135	734
RL	136	648
RL	137	750
RL	138	634
RL	139	694
RL	140	678
RL	141	575
RL	142	678
RL	143	645
RL	144	596
RL	145	724
RL	146	723
RL	147	898
RL	148	1526
RL	149	3042
RL	150	12287
RL	151	24116
# Read lengths - first fragments. Use `grep ^FRL | cut -f 2-` to extract this part. The columns are: read length, count
FRL	35	765
FRL	36	144
FRL	37	184
FRL	38	186
FRL	39	212
FRL	40	241
FRL	41	242
FRL	42	235
FRL	43	231
FRL	44	268
FRL	45	277
FRL	46	250
FRL	47	251
FRL	48	263
FRL	49	283
FRL	50	303
FRL	51	298
FRL	52	272
FRL	53	305
FRL	54	262
FRL	55	311
FRL	56	345
FRL	57	297
FRL	58	305
FRL	59	297
FRL	60	294
FRL	61	345
FRL	62	314
FRL	63	335
FRL	64	335
FRL	65	340
FRL	66	341
FRL	67	341
FRL	68	370
FRL	69	355
FRL	70	360
FRL	71	336
FRL	72	359
FRL	73	337
FRL	74	343
FRL	75	394
FRL	76	368
FRL	77	365
FRL	78	363
FRL	79	372
FRL	80	393
FRL	81	408
FRL	82	347
FRL	83	383
FRL	84	379
FRL	85	386
FRL	86	335
FRL	87	368
FRL	88	378
FRL	89	398
FRL	90	402
FRL	91	418
FRL	92	429
FRL	93	428
FRL	94	368
FRL	95	379
FRL	96	418
FRL	97	341
FRL	98	392
FRL	99	427
FRL	100	418
FRL	101	436
FRL	102	416
FRL	103	393
FRL	104	376
FRL	105	392
FRL	106	387
FRL	107	391
FRL	108	400
FRL	109	386
FRL	110	386
FRL	111	402
FRL	112	398
FRL	113	400
FRL	114	352
FRL	115	352
FRL	116	369
FRL	117	421
FRL	118	409
FRL	119	406
FRL	120	369
FRL	121	358
FRL	122	365
FRL	123	367
FRL	124	380
FRL	125	348
FRL	126	372
FRL	127	334
FRL	128	361
FRL	129	309
FRL	130	375
FRL	131	322
FRL	132	352
FRL	133	310
FRL	134	325
FRL	135	371
FRL	136	325
FRL	137	375
FRL	138	317
FRL	139	346
FRL	140	340
FRL	141	286
FRL	142	338
FRL	143	320
FRL	144	297
FRL	145	360
FRL	146	360
FRL	147	451
FRL	148	768
FRL	149	1571
FRL	150	6137
FRL	151	11875
# Read lengths - last fragments. Use `grep ^LRL | cut -f 2-` to extract this part. The columns are: read length, count
LRL	35	759
LRL	36	141
LRL	37	178
LRL	38	179
LRL	39	211
LRL	40	238
LRL	41	249
LRL	42	231
LRL	43	225
LRL	44	268
LRL	45	276
LRL	46	248
LRL	47	248
LRL	48	259
LRL	49	281
LRL	50	298
LRL	51	283
LRL	52	268
LRL	53	298
LRL	54	261
LRL	55	306
LRL	56	343
LRL	57	289
LRL	58	301
LRL	59	298
LRL	60	291
LRL	61	345
LRL	62	311
LRL	63	331
LRL	64	328
LRL	65	337
LRL	66	343
LRL	67	335
LRL	68	374
LRL	69	352
LRL	70	359
LRL	71	337
LRL	72	357
LRL	73	327
LRL	74	337
LRL	75	396
LRL	76	364
LRL	77	367
LRL	78	360
LRL	79	367
LRL	80	400
LRL	81	407
LRL	82	354
LRL	83	382
LRL	84	378
LRL	85	387
LRL	86	332
LRL	87	365
LRL	88	378
LRL	89	389
LRL	90	391
LRL	91	414
LRL	92	419
LRL	93	417
LRL	94	373
LRL	95	376
LRL	96	416
LRL	97	339
LRL	98	393
LRL	99	418
LRL	100	419
LRL	101	434
LRL	102	421
LRL	103	383
LRL	104	371
LRL	105	388
LRL	106	385
LRL	107	386
LRL	108	392
LRL	109	385
LRL	110	385
LRL	111	401
LRL	112	392
LRL	113	398
LRL	114	345
LRL	115	347
LRL	116	362
LRL	117	417
LRL	118	410
LRL	119	400
LRL	120	372
LRL	121	365
LRL	122	367
LRL	123	368
LRL	124	373
LRL	125	336
LRL	126	371
LRL	127	329
LRL	128	359
LRL	129	309
LRL	130	379
LRL	131	321
LRL	132	345
LRL	133	312
LRL	134	325
LRL	135	363
LRL	136	323
LRL	137	375
LRL	138	317
LRL	139	348
LRL	140	338
LRL	141	289
LRL	142	340
LRL	143	325
LRL	144	299
LRL	145	364
LRL	146	363
LRL	147	447
LRL	148	758
LRL	149	1471
LRL	150	6150
LRL	151	12241
# Indel distribution. Use `grep ^ID | cut -f 2-` to extract this part. The columns are: length, number of insertions, number of deletions
# Indels per cycle. Use `grep ^IC | cut -f 2-` to extract this part. The columns are: cycle, number of insertions (fwd), .. (rev) , number of deletions (fwd), .. (rev)
# Coverage distribution. Use `grep ^COV | cut -f 2-` to extract this part.
# GC-depth. Use `grep ^GCD | cut -f 2-` to extract this part. The columns are: GC%, unique sequence percentiles, 10th, 25th, 50th, 75th and 90th depth percentile
